1001
0 65 Line 4.66667 1.33333 5.33333 1.33333
0 153 Line 5.33333 1.33333 6 1.33333
0 252 Line 4.66667 1.33333 4.66667 2
0 684 Line 4.66667 2 5.33333 2
0 685 Line 5.33333 2 6 2
0 761 Line 6 1.33333 6 2
1 128 Line 18 5.33333 18.6667 5.33333
1 300 Line 18.6667 6 19.3333 6
1 488 Line 18 5.33333 18 6
1 674 Line 18.6667 5.33333 19.3333 5.33333
1 897 Line 18 6 18.6667 6
1 969 Line 19.3333 5.33333 19.3333 6
2 28 Line 21.3333 16.6667 21.3333 17.3333
2 120 Line 19.3333 17.3333 21.3333 17.3333
2 218 Line 20.6667 16.6667 21.3333 16.6667
2 641 Line 19.3333 16.6667 20 16.6667
2 697 Line 20 16.6667 20.6667 16.6667
2 929 Line 19.3333 16.6667 19.3333 17.3333
3 66 Line 6.66667 14 6.66667 14.6667
3 99 Line 6.66667 14.6667 7.33333 14.6667
3 222 Line 7.33333 13.3333 7.33333 14.6667
3 728 Line 6.66667 13.3333 7.33333 13.3333
3 784 Line 6.66667 13.3333 6.66667 14
4 25 Line 6 7.33333 6 8
4 60 Line 6 8 6 8.66667
4 269 Line 4.66667 7.33333 6 7.33333
4 747 Line 4.66667 8.66667 5.33333 8.66667
4 748 Line 5.33333 8.66667 6 8.66667
4 852 Line 4.66667 7.33333 4.66667 8
4 853 Line 4.66667 8 4.66667 8.66667
5 52 Line 28.6667 5.33333 29.3333 5.33333
5 56 Line 29.3333 6 30 6
5 520 Line 28.6667 6 29.3333 6
5 564 Line 28.6667 5.33333 28.6667 6
5 583 Line 30 5.33333 30 6
5 886 Line 29.3333 5.33333 30 5.33333
6 82 Line 12 10.6667 12 11.3333
6 93 Line 12 11.3333 13.3333 11.3333
6 284 Line 13.3333 10.6667 13.3333 11.3333
6 936 Line 12 10.6667 12.6667 10.6667
6 947 Line 12.6667 10.6667 13.3333 10.6667
7 445 Line 12 2 12 2.66667
7 489 Line 10.6667 2.66667 11.3333 2.66667
7 523 Line 10.6667 2 10.6667 2.66667
7 554 Line 11.3333 2.66667 12 2.66667
7 688 Line 11.3333 2 12 2
7 742 Line 10.6667 2 11.3333 2
8 22 Line 4 18.6667 4 20.6667
8 94 Line 2.66667 20.6667 4 20.6667
8 154 Line 2.66667 18.6667 4 18.6667
8 231 Line 2.66667 18.6667 2.66667 20
8 981 Line 2.66667 20 2.66667 20.6667
9 85 Line 31.3333 18 32 18
9 91 Line 30.6667 16 32 16
9 104 Line 32 17.3333 32 18
9 108 Line 30.6667 16.6667 30.6667 18
9 141 Line 30.6667 16 30.6667 16.6667
9 228 Line 30.6667 18 31.3333 18
9 288 Line 32 16 32 17.3333
10 126 Line 18 10 18.6667 10
10 289 Line 18 10 18 11.3333
10 464 Line 18 11.3333 18.6667 11.3333
10 793 Line 18.6667 10 18.6667 10.6667
10 794 Line 18.6667 10.6667 18.6667 11.3333
11 69 Line 10 20.6667 13.3333 20.6667
11 192 Line 10.6667 21.3333 12.6667 21.3333
11 215 Line 10 20.6667 10 21.3333
11 234 Line 10 21.3333 10.6667 21.3333
11 422 Line 12.6667 21.3333 13.3333 21.3333
11 443 Line 13.3333 20.6667 13.3333 21.3333
12 81 Line 0.666667 14 2 14
12 204 Line 0.666667 14.6667 2.66667 14.6667
12 292 Line 2.66667 14 2.66667 14.6667
12 475 Line 0.666667 14 0.666667 14.6667
12 614 Line 2 14 2.66667 14
13 188 Line 24.6667 1.33333 24.6667 2.66667
13 619 Line 25.3333 2 25.3333 2.66667
13 704 Line 25.3333 1.33333 25.3333 2
13 760 Line 24.6667 2.66667 25.3333 2.66667
13 943 Line 24.6667 1.33333 25.3333 1.33333
14 -1 Line 0 8 0 12
14 39 Line 0.666667 8 0.666667 9.33333
14 259 Line 0 12 0.666667 12
14 293 Line 0.666667 10.6667 0.666667 12
14 775 Line 0 8 0.666667 8
14 991 Line 0.666667 9.33333 0.666667 10
14 992 Line 0.666667 10 0.666667 10.6667
15 -1 Line 7.33333 22.6667 12.6667 22.6667
15 192 Line 10.6667 22 12.6667 22
15 194 Line 7.33333 22 7.33333 22.6667
15 233 Line 7.33333 22 8.66667 22
15 234 Line 8.66667 22 10.6667 22
15 423 Line 12.6667 22 12.6667 22.6667
16 63 Line 22 14.6667 22.6667 14.6667
16 150 Line 22 13.3333 22.6667 13.3333
16 491 Line 22.6667 13.3333 22.6667 14
16 492 Line 22.6667 14 22.6667 14.6667
16 627 Line 21.3333 13.3333 21.3333 14
16 628 Line 21.3333 14 21.3333 14.6667
16 695 Line 21.3333 14.6667 22 14.6667
16 773 Line 21.3333 13.3333 22 13.3333
17 22 Line 4 20.6667 5.33333 20.6667
17 94 Line 4 20.6667 4 22
17 155 Line 4 22 5.33333 22
17 164 Line 5.33333 21.3333 5.33333 22
17 180 Line 5.33333 20.6667 5.33333 21.3333
18 31 Line 15.3333 20.6667 16.6667 20.6667
18 87 Line 17.3333 20 17.3333 20.6667
18 103 Line 17.3333 19.3333 17.3333 20
18 127 Line 17.3333 17.3333 17.3333 19.3333
18 248 Line 15.3333 20 15.3333 20.6667
18 290 Line 16.6667 20.6667 17.3333 20.6667
18 296 Line 16 17.3333 17.3333 17.3333
18 320 Line 15.3333 18 15.3333 18.6667
18 344 Line 15.3333 18.6667 15.3333 19.3333
18 356 Line 15.3333 17.3333 15.3333 18
18 505 Line 15.3333 17.3333 16 17.3333
18 630 Line 15.3333 19.3333 15.3333 20
19 22 Line 5.33333 18 5.33333 20.6667
19 36 Line 6.66667 18 6.66667 20.6667
19 180 Line 5.33333 20.6667 6.66667 20.6667
19 585 Line 5.33333 18 6 18
19 586 Line 6 18 6.66667 18
20 32 Line 0.666667 18 2 18
20 98 Line 0.666667 20 2 20
20 102 Line 0.666667 18 0.666667 20
20 231 Line 2 18 2 20
21 148 Line 9.33333 11.3333 9.33333 12
21 185 Line 10 10.6667 10 12
21 498 Line 9.33333 12 10 12
21 960 Line 9.33333 10.6667 9.33333 11.3333
21 997 Line 9.33333 10.6667 10 10.6667
22 154 Line 4 18 4 18.6667
22 230 Line 4 18 5.33333 18
23 68 Line 4.66667 13.3333 4.66667 14
23 124 Line 3.33333 14 4.66667 14
23 292 Line 3.33333 13.3333 3.33333 14
23 700 Line 3.33333 13.3333 4 13.3333
23 701 Line 4 13.3333 4.66667 13.3333
24 322 Line 20 12 20.6667 12
24 358 Line 20 11.3333 20 12
24 410 Line 21.3333 11.3333 21.3333 12
24 458 Line 20 11.3333 20.6667 11.3333
24 459 Line 20.6667 11.3333 21.3333 11.3333
24 572 Line 20.6667 12 21.3333 12
25 60 Line 6 8 6.66667 8
25 269 Line 6 6.66667 6 7.33333
25 369 Line 6.66667 6.66667 6.66667 7.33333
25 665 Line 6.66667 7.33333 6.66667 8
25 985 Line 6 6.66667 6.66667 6.66667
26 -1 Line 26.6667 0 28.6667 0
26 167 Line 26.6667 0 26.6667 0.666667
26 177 Line 28 0.666667 28.6667 0.666667
26 631 Line 28.6667 0 28.6667 0.666667
26 814 Line 26.6667 0.666667 27.3333 0.666667
26 815 Line 27.3333 0.666667 28 0.666667
27 74 Line 7.33333 2 8.66667 2
27 153 Line 6.66667 1.33333 8 1.33333
27 279 Line 8.66667 1.33333 8.66667 2
27 303 Line 8 1.33333 8.66667 1.33333
27 449 Line 6.66667 2 7.33333 2
27 761 Line 6.66667 1.33333 6.66667 2
28 120 Line 21.3333 17.3333 21.3333 21.3333
28 156 Line 22 16.6667 22 18
28 218 Line 21.3333 16.6667 22 16.6667
28 271 Line 22 20.6667 22 21.3333
28 514 Line 22 18 22 18.6667
28 558 Line 22 18.6667 22 19.3333
28 872 Line 22 19.3333 22 20
28 873 Line 22 20 22 20.6667
28 996 Line 21.3333 21.3333 22 21.3333
29 91 Line 32 13.3333 32 15.3333
29 201 Line 32.6667 12 32.6667 13.3333
29 205 Line 32.6667 13.3333 32.6667 14.6667
29 229 Line 32 12 32 13.3333
29 275 Line 32 12 32.6667 12
29 870 Line 32 15.3333 32.6667 15.3333
29 891 Line 32.6667 14.6667 32.6667 15.3333
30 83 Line 13.3333 5.33333 13.3333 6.66667
30 506 Line 14 5.33333 14 6
30 541 Line 14 6 14 6.66667
30 661 Line 13.3333 6.66667 14 6.66667
30 714 Line 13.3333 5.33333 14 5.33333
31 -1 Line 15.3333 22.6667 16.6667 22.6667
31 248 Line 15.3333 20.6667 15.3333 21.3333
31 287 Line 15.3333 21.3333 15.3333 22.6667
31 290 Line 16.6667 20.6667 16.6667 22.6667
32 -1 Line 0 17.3333 0 18
32 102 Line 0 18 0.666667 18
32 244 Line 0 17.3333 2 17.3333
32 690 Line 2 17.3333 2 18
33 53 Line 32 1.33333 32 2.66667
33 96 Line 29.3333 1.33333 32 1.33333
33 161 Line 29.3333 2.66667 32 2.66667
33 312 Line 29.3333 1.33333 29.3333 2
33 915 Line 29.3333 2 29.3333 2.66667
34 239 Line 4 6 5.33333 6
34 278 Line 5.33333 5.33333 5.33333 6
34 485 Line 4 5.33333 4.66667 5.33333
34 486 Line 4.66667 5.33333 5.33333 5.33333
34 549 Line 4 5.33333 4 6
35 73 Line 24 6 24.6667 6
35 209 Line 22.6667 6.66667 24.6667 6.66667
35 277 Line 24.6667 6 24.6667 6.66667
35 305 Line 22.6667 6 24 6
35 789 Line 22.6667 6 22.6667 6.66667
36 49 Line 6.66667 20.6667 8.66667 20.6667
36 69 Line 8.66667 18 8.66667 20.6667
36 893 Line 8 18 8.66667 18
36 894 Line 6.66667 18 7.33333 18
36 895 Line 7.33333 18 8 18
37 384 Line 16 7.33333 16.6667 7.33333
37 607 Line 16 6 16 6.66667
37 745 Line 16.6667 6 16.6667 6.66667
37 746 Line 16.6667 6.66667 16.6667 7.33333
37 874 Line 16 6.66667 16 7.33333
37 876 Line 16 6 16.6667 6
38 39 Line 1.33333 9.33333 2 9.33333
38 206 Line 2 9.33333 2 10.6667
38 236 Line 2 10.6667 2 11.3333
38 293 Line 1.33333 10.6667 1.33333 11.3333
38 813 Line 1.33333 11.3333 2 11.3333
38 991 Line 1.33333 9.33333 1.33333 10
38 992 Line 1.33333 10 1.33333 10.6667
39 206 Line 2 8.66667 2 9.33333
39 245 Line 0.666667 7.33333 2 7.33333
39 596 Line 2 7.33333 2 8
39 597 Line 2 8 2 8.66667
39 775 Line 0.666667 7.33333 0.666667 8
39 991 Line 0.666667 9.33333 1.33333 9.33333
40 549 Line 3.33333 5.33333 3.33333 6
40 550 Line 3.33333 6 3.33333 6.66667
40 634 Line 2.66667 5.33333 3.33333 5.33333
40 635 Line 2.66667 6.66667 3.33333 6.66667
40 902 Line 2.66667 5.33333 2.66667 6
40 903 Line 2.66667 6 2.66667 6.66667
41 283 Line 16 11.3333 16 12
41 326 Line 15.3333 13.3333 16 13.3333
41 388 Line 16 12.6667 16 13.3333
41 426 Line 15.3333 11.3333 16 11.3333
41 569 Line 15.3333 12.6667 15.3333 13.3333
41 738 Line 15.3333 11.3333 15.3333 12
41 739 Line 15.3333 12 15.3333 12.6667
41 913 Line 16 12 16 12.6667
42 -1 Line 0 2.66667 0 5.33333
42 182 Line 0 5.33333 0.666667 5.33333
42 598 Line 0 2.66667 0.666667 2.66667
42 977 Line 0.666667 2.66667 0.666667 3.33333
42 978 Line 0.666667 3.33333 0.666667 4
42 979 Line 0.666667 4 0.666667 4.66667
42 980 Line 0.666667 4.66667 0.666667 5.33333
43 57 Line 14.6667 7.33333 14.6667 8
43 272 Line 14.6667 7.33333 15.3333 7.33333
43 360 Line 14.6667 8.66667 15.3333 8.66667
43 875 Line 15.3333 7.33333 15.3333 8
43 905 Line 15.3333 8 15.3333 8.66667
43 949 Line 14.6667 8 14.6667 8.66667
44 -1 Line 19.3333 22.6667 20.6667 22.6667
44 120 Line 19.3333 21.3333 20.6667 21.3333
44 637 Line 19.3333 22 19.3333 22.6667
44 795 Line 20.6667 21.3333 20.6667 22
44 796 Line 20.6667 22 20.6667 22.6667
44 951 Line 19.3333 21.3333 19.3333 22
45 105 Line 25.3333 13.3333 26.6667 13.3333
45 759 Line 25.3333 12.6667 25.3333 13.3333
45 889 Line 25.3333 12.6667 26 12.6667
45 890 Line 26 12.6667 26.6667 12.6667
45 967 Line 26.6667 12.6667 26.6667 13.3333
46 64 Line 15.3333 4.66667 16 4.66667
46 232 Line 15.3333 4.66667 15.3333 5.33333
46 420 Line 15.3333 5.33333 16 5.33333
46 663 Line 16 4.66667 16.6667 4.66667
46 677 Line 16.6667 4.66667 16.6667 5.33333
46 876 Line 16 5.33333 16.6667 5.33333
47 -1 Line 13.3333 22.6667 14 22.6667
47 287 Line 14 21.3333 14 22.6667
47 422 Line 13.3333 21.3333 13.3333 22
47 423 Line 13.3333 22 13.3333 22.6667
47 443 Line 13.3333 21.3333 14 21.3333
48 143 Line 21.3333 8 21.3333 8.66667
48 146 Line 21.3333 8 22.6667 8
48 439 Line 22.6667 9.33333 23.3333 9.33333
48 468 Line 21.3333 9.33333 22 9.33333
48 469 Line 22 9.33333 22.6667 9.33333
48 682 Line 23.3333 8 23.3333 8.66667
48 683 Line 23.3333 8.66667 23.3333 9.33333
48 812 Line 22.6667 8 23.3333 8
48 974 Line 21.3333 8.66667 21.3333 9.33333
49 164 Line 6.66667 21.3333 7.33333 21.3333
49 180 Line 6.66667 20.6667 6.66667 21.3333
49 215 Line 8.66667 20.6667 8.66667 21.3333
49 233 Line 7.33333 21.3333 8.66667 21.3333
50 92 Line 30 9.33333 30 10
50 255 Line 30 9.33333 31.3333 9.33333
50 652 Line 31.3333 9.33333 31.3333 10
50 920 Line 30.6667 10 31.3333 10
50 937 Line 30 10 30.6667 10
51 -1 Line 0 20.6667 0 21.3333
51 98 Line 0.666667 20.6667 1.33333 20.6667
51 159 Line 1.33333 20.6667 1.33333 21.3333
51 173 Line 0 21.3333 1.33333 21.3333
51 907 Line 0 20.6667 0.666667 20.6667
52 298 Line 28.6667 4 28.6667 5.33333
52 818 Line 28.6667 3.33333 28.6667 4
52 843 Line 29.3333 3.33333 29.3333 4
52 885 Line 29.3333 4 29.3333 4.66667
52 886 Line 29.3333 4.66667 29.3333 5.33333
52 916 Line 28.6667 3.33333 29.3333 3.33333
53 -1 Line 34 0 34 2.66667
53 -1 Line 32 0 34 0
53 96 Line 32 0 32 1.33333
53 161 Line 32 2.66667 34 2.66667
54 621 Line 13.3333 8.66667 13.3333 9.33333
54 726 Line 12 8.66667 12 9.33333
54 780 Line 12 8.66667 12.6667 8.66667
54 781 Line 12.6667 8.66667 13.3333 8.66667
54 935 Line 12 9.33333 12.6667 9.33333
54 946 Line 12.6667 9.33333 13.3333 9.33333
55 62 Line 10.6667 13.3333 11.3333 13.3333
55 339 Line 10.6667 14 11.3333 14
55 502 Line 11.3333 13.3333 12 13.3333
55 605 Line 11.3333 14 12 14
55 811 Line 12 13.3333 12 14
55 955 Line 10.6667 13.3333 10.6667 14
56 121 Line 30.6667 6 30.6667 7.33333
56 520 Line 29.3333 6 29.3333 6.66667
56 521 Line 29.3333 6.66667 29.3333 7.33333
56 583 Line 30 6 30.6667 6
56 622 Line 29.3333 7.33333 30 7.33333
56 623 Line 30 7.33333 30.6667 7.33333
57 272 Line 14.6667 6.66667 14.6667 7.33333
57 438 Line 14 7.33333 14 8
57 541 Line 14 6.66667 14.6667 6.66667
57 661 Line 14 6.66667 14 7.33333
57 949 Line 14 8 14.6667 8
58 127 Line 17.3333 17.3333 18.6667 17.3333
58 238 Line 17.3333 16.6667 18 16.6667
58 253 Line 18 16.6667 18.6667 16.6667
58 296 Line 17.3333 16.6667 17.3333 17.3333
58 929 Line 18.6667 16.6667 18.6667 17.3333
59 140 Line 28 21.3333 28.6667 21.3333
59 171 Line 29.3333 20.6667 29.3333 21.3333
59 225 Line 28 19.3333 28 20
59 242 Line 28 19.3333 29.3333 19.3333
59 247 Line 29.3333 19.3333 29.3333 20.6667
59 257 Line 28 20 28 21.3333
59 304 Line 28.6667 21.3333 29.3333 21.3333
60 589 Line 6.66667 8.66667 6.66667 9.33333
60 601 Line 6.66667 8 6.66667 8.66667
60 617 Line 6 9.33333 6.66667 9.33333
60 748 Line 6 8.66667 6 9.33333
61 405 Line 18 12.6667 18.6667 12.6667
61 446 Line 18.6667 12.6667 18.6667 13.3333
61 447 Line 18.6667 13.3333 18.6667 14
61 466 Line 18 14 18.6667 14
61 577 Line 18 12.6667 18 13.3333
61 578 Line 18 13.3333 18 14
62 107 Line 10.6667 12.6667 11.3333 12.6667
62 144 Line 9.33333 13.3333 10 13.3333
62 321 Line 9.33333 12.6667 9.33333 13.3333
62 498 Line 9.33333 12.6667 10 12.6667
62 502 Line 11.3333 12.6667 11.3333 13.3333
62 774 Line 10 12.6667 10.6667 12.6667
62 955 Line 10 13.3333 10.6667 13.3333
63 156 Line 22 16 22.6667 16
63 695 Line 22 14.6667 22 15.3333
63 696 Line 22 15.3333 22 16
63 849 Line 22.6667 14.6667 22.6667 15.3333
63 850 Line 22.6667 15.3333 22.6667 16
64 232 Line 15.3333 4 15.3333 4.66667
64 494 Line 15.3333 3.33333 15.3333 4
64 610 Line 15.3333 3.33333 16 3.33333
64 662 Line 16 3.33333 16 4
64 663 Line 16 4 16 4.66667
65 -1 Line 4.66667 0 5.33333 0
65 153 Line 5.33333 0.666667 5.33333 1.33333
65 165 Line 5.33333 0 5.33333 0.666667
65 993 Line 4.66667 0 4.66667 0.666667
65 994 Line 4.66667 0.666667 4.66667 1.33333
66 68 Line 4.66667 14 6 14
66 99 Line 5.33333 14.6667 6.66667 14.6667
66 124 Line 4.66667 14 4.66667 14.6667
66 286 Line 4.66667 14.6667 5.33333 14.6667
66 784 Line 6 14 6.66667 14
67 86 Line 26.6667 4 27.3333 4
67 113 Line 28 2 28 3.33333
67 177 Line 28 1.33333 28 2
67 507 Line 27.3333 4 28 4
67 576 Line 26.6667 2.66667 26.6667 3.33333
67 814 Line 26.6667 1.33333 27.3333 1.33333
67 815 Line 27.3333 1.33333 28 1.33333
67 818 Line 28 3.33333 28 4
67 821 Line 26.6667 3.33333 26.6667 4
67 961 Line 26.6667 1.33333 26.6667 2
67 962 Line 26.6667 2 26.6667 2.66667
68 112 Line 4.66667 13.3333 6 13.3333
68 784 Line 6 13.3333 6 14
69 134 Line 9.33333 17.3333 13.3333 17.3333
69 215 Line 8.66667 20.6667 10 20.6667
69 221 Line 13.3333 17.3333 13.3333 19.3333
69 323 Line 8.66667 17.3333 9.33333 17.3333
69 331 Line 13.3333 20 13.3333 20.6667
69 537 Line 13.3333 19.3333 13.3333 20
69 893 Line 8.66667 17.3333 8.66667 18
70 99 Line 5.33333 16 6.66667 16
70 176 Line 5.33333 16.6667 6.66667 16.6667
70 529 Line 5.33333 16 5.33333 16.6667
70 792 Line 6.66667 16 6.66667 16.6667
71 144 Line 9.33333 14.6667 10 14.6667
71 168 Line 9.33333 14.6667 9.33333 15.3333
71 340 Line 9.33333 15.3333 10 15.3333
71 394 Line 10.6667 14.6667 10.6667 15.3333
71 544 Line 10 15.3333 10.6667 15.3333
71 956 Line 10 14.6667 10.6667 14.6667
72 -1 Line 20.6667 0 21.3333 0
72 202 Line 20.6667 0 20.6667 3.33333
72 246 Line 21.3333 2.66667 21.3333 3.33333
72 249 Line 21.3333 0 21.3333 2.66667
72 941 Line 20.6667 3.33333 21.3333 3.33333
73 277 Line 24.6667 6 26 6
73 305 Line 24 5.33333 24 6
73 361 Line 26 6 26.6667 6
73 451 Line 26.6667 5.33333 26.6667 6
73 798 Line 24.6667 5.33333 25.3333 5.33333
73 803 Line 25.3333 5.33333 26 5.33333
73 804 Line 26 5.33333 26.6667 5.33333
73 857 Line 24 5.33333 24.6667 5.33333
74 213 Line 8.66667 2 8.66667 2.66667
74 449 Line 7.33333 2 7.33333 2.66667
74 522 Line 7.33333 2.66667 8 2.66667
74 787 Line 8 2.66667 8.66667 2.66667
75 225 Line 26 20 27.3333 20
75 256 Line 26 21.3333 27.3333 21.3333
75 257 Line 27.3333 20 27.3333 21.3333
75 299 Line 26 20 26 21.3333
76 371 Line 19.3333 14 20 14
76 447 Line 18.6667 14 19.3333 14
76 466 Line 18.6667 14 18.6667 14.6667
76 628 Line 20.6667 14 20.6667 14.6667
76 670 Line 20 14 20.6667 14
76 901 Line 18.6667 14.6667 19.3333 14.6667
76 918 Line 19.3333 14.6667 20 14.6667
76 944 Line 20 14.6667 20.6667 14.6667
77 -1 Line 0 0 1.33333 0
77 130 Line 1.33333 0 1.33333 0.666667
77 261 Line 0 0.666667 1.33333 0.666667
78 126 Line 18.6667 8.66667 18.6667 10
78 175 Line 19.3333 8.66667 19.3333 9.33333
78 793 Line 18.6667 10 19.3333 10
78 810 Line 18.6667 8.66667 19.3333 8.66667
78 982 Line 19.3333 9.33333 19.3333 10
79 212 Line 24 18.6667 24 20
79 271 Line 22.6667 20.6667 24 20.6667
79 477 Line 22.6667 18.6667 23.3333 18.6667
79 478 Line 23.3333 18.6667 24 18.6667
79 558 Line 22.6667 18.6667 22.6667 19.3333
79 869 Line 24 20 24 20.6667
79 872 Line 22.6667 19.3333 22.6667 20
79 873 Line 22.6667 20 22.6667 20.6667
80 -1 Line 34 3.33333 34 4
80 161 Line 31.3333 3.33333 34 3.33333
80 315 Line 31.3333 3.33333 31.3333 4
80 790 Line 33.3333 4 34 4
80 839 Line 32.6667 4 33.3333 4
80 854 Line 31.3333 4 32 4
80 855 Line 32 4 32.6667 4
81 -1 Line 0 13.3333 0 14
81 259 Line 0 13.3333 0.666667 13.3333
81 475 Line 0 14 0.666667 14
81 614 Line 2 13.3333 2 14
81 776 Line 0.666667 13.3333 1.33333 13.3333
81 777 Line 1.33333 13.3333 2 13.3333
82 185 Line 10.6667 10.6667 10.6667 11.3333
82 841 Line 10.6667 10.6667 11.3333 10.6667
82 842 Line 11.3333 10.6667 12 10.6667
82 999 Line 10.6667 11.3333 11.3333 11.3333
82 1000 Line 11.3333 11.3333 12 11.3333
83 324 Line 12.6667 7.33333 13.3333 7.33333
83 401 Line 12.6667 6.66667 12.6667 7.33333
83 418 Line 12.6667 5.33333 13.3333 5.33333
83 524 Line 12.6667 5.33333 12.6667 6
83 525 Line 12.6667 6 12.6667 6.66667
83 661 Line 13.3333 6.66667 13.3333 7.33333
84 255 Line 29.3333 8.66667 30.6667 8.66667
84 295 Line 30.6667 8 30.6667 8.66667
84 516 Line 29.3333 8 29.3333 8.66667
84 622 Line 29.3333 8 30 8
84 623 Line 30 8 30.6667 8
85 104 Line 32 18 33.3333 18
85 191 Line 33.3333 18 33.3333 19.3333
85 211 Line 32 19.3333 33.3333 19.3333
85 224 Line 31.3333 19.3333 32 19.3333
85 228 Line 31.3333 18 31.3333 19.3333
86 451 Line 26.6667 5.33333 27.3333 5.33333
86 507 Line 27.3333 4 27.3333 4.66667
86 508 Line 27.3333 4.66667 27.3333 5.33333
86 804 Line 26.6667 4.66667 26.6667 5.33333
86 822 Line 26.6667 4 26.6667 4.66667
87 -1 Line 17.3333 22.6667 18.6667 22.6667
87 103 Line 17.3333 20 18.6667 20
87 280 Line 18.6667 20 18.6667 20.6667
87 290 Line 17.3333 20.6667 17.3333 22.6667
87 637 Line 18.6667 22 18.6667 22.6667
87 950 Line 18.6667 20.6667 18.6667 21.3333
87 951 Line 18.6667 21.3333 18.6667 22
88 -1 Line 34 5.33333 34 6.66667
88 170 Line 33.3333 5.33333 33.3333 6.66667
88 536 Line 33.3333 6.66667 34 6.66667
88 791 Line 33.3333 5.33333 34 5.33333
89 725 Line 10.6667 9.33333 11.3333 9.33333
89 726 Line 11.3333 9.33333 12 9.33333
89 740 Line 10.6667 9.33333 10.6667 10
89 841 Line 10.6667 10 11.3333 10
89 842 Line 11.3333 10 12 10
89 935 Line 12 9.33333 12 10
90 -1 Line 17.3333 0 19.3333 0
90 151 Line 19.3333 0 19.3333 1.33333
90 162 Line 17.3333 1.33333 18.6667 1.33333
90 254 Line 18.6667 1.33333 19.3333 1.33333
90 723 Line 17.3333 0 17.3333 0.666667
90 724 Line 17.3333 0.666667 17.3333 1.33333
91 118 Line 30 14 30 16
91 131 Line 30 13.3333 30 14
91 135 Line 30 13.3333 30.6667 13.3333
91 141 Line 30 16 30.6667 16
91 229 Line 30.6667 13.3333 32 13.3333
91 870 Line 32 15.3333 32 16
92 220 Line 28.6667 10.6667 28.6667 11.3333
92 255 Line 29.3333 9.33333 30 9.33333
92 644 Line 28.6667 9.33333 28.6667 10
92 825 Line 28.6667 11.3333 29.3333 11.3333
92 826 Line 29.3333 11.3333 30 11.3333
92 904 Line 28.6667 10 28.6667 10.6667
92 917 Line 28.6667 9.33333 29.3333 9.33333
92 937 Line 30 10 30 10.6667
92 938 Line 30 10.6667 30 11.3333
93 553 Line 13.3333 11.3333 13.3333 12
93 608 Line 12 12 12.6667 12
93 609 Line 12.6667 12 13.3333 12
93 1000 Line 12 11.3333 12 12
94 216 Line 2.66667 20.6667 2.66667 22
94 219 Line 2.66667 22 4 22
95 138 Line 2.66667 1.33333 2.66667 2.66667
95 152 Line 3.33333 2.66667 3.33333 3.33333
95 187 Line 2.66667 3.33333 3.33333 3.33333
95 252 Line 3.33333 1.33333 3.33333 2
95 268 Line 3.33333 0.666667 3.33333 1.33333
95 274 Line 2.66667 0.666667 2.66667 1.33333
95 281 Line 2.66667 2.66667 2.66667 3.33333
95 624 Line 2.66667 0.666667 3.33333 0.666667
95 686 Line 3.33333 2 3.33333 2.66667
96 -1 Line 29.3333 0 32 0
96 312 Line 29.3333 0.666667 29.3333 1.33333
96 631 Line 29.3333 0 29.3333 0.666667
97 254 Line 18.6667 4 19.3333 4
97 674 Line 18.6667 4.66667 19.3333 4.66667
97 675 Line 19.3333 4.66667 20 4.66667
97 809 Line 18.6667 4 18.6667 4.66667
97 837 Line 20 4 20 4.66667
97 948 Line 19.3333 4 20 4
98 159 Line 1.33333 20.6667 2 20.6667
98 907 Line 0.666667 20 0.666667 20.6667
98 981 Line 2 20 2 20.6667
99 210 Line 7.33333 15.3333 7.33333 16
99 286 Line 5.33333 14.6667 5.33333 16
99 309 Line 7.33333 14.6667 7.33333 15.3333
99 792 Line 6.66667 16 7.33333 16
100 -1 Line 34 7.33333 34 8.66667
100 183 Line 33.3333 8.66667 34 8.66667
100 536 Line 33.3333 7.33333 34 7.33333
100 971 Line 33.3333 7.33333 33.3333 8
100 972 Line 33.3333 8 33.3333 8.66667
101 151 Line 19.3333 1.33333 20 1.33333
101 202 Line 20 1.33333 20 3.33333
101 254 Line 19.3333 1.33333 19.3333 3.33333
101 948 Line 19.3333 3.33333 20 3.33333
102 -1 Line 0 18 0 20
102 907 Line 0 20 0.666667 20
103 127 Line 17.3333 19.3333 18.6667 19.3333
103 280 Line 18.6667 19.3333 18.6667 20
104 -1 Line 34 17.3333 34 18
104 139 Line 33.3333 17.3333 34 17.3333
104 186 Line 32.6667 17.3333 33.3333 17.3333
104 191 Line 33.3333 18 34 18
104 288 Line 32 17.3333 32.6667 17.3333
105 208 Line 26.6667 13.3333 26.6667 14
105 763 Line 26 14 26.6667 14
105 765 Line 25.3333 14 26 14
105 848 Line 25.3333 13.3333 25.3333 14
106 117 Line 10 0.666667 11.3333 0.666667
106 279 Line 10 1.33333 10.6667 1.33333
106 303 Line 10 0.666667 10 1.33333
106 402 Line 11.3333 0.666667 11.3333 1.33333
106 742 Line 10.6667 1.33333 11.3333 1.33333
107 502 Line 11.3333 12.6667 12 12.6667
107 608 Line 12 12 12 12.6667
107 774 Line 10.6667 12 10.6667 12.6667
107 999 Line 10.6667 12 11.3333 12
107 1000 Line 11.3333 12 12 12
108 141 Line 29.3333 16.6667 30.6667 16.6667
108 207 Line 29.3333 16.6667 29.3333 17.3333
108 228 Line 30.6667 18 30.6667 19.3333
108 242 Line 29.3333 17.3333 29.3333 19.3333
108 247 Line 29.3333 19.3333 30 19.3333
108 276 Line 30 19.3333 30.6667 19.3333
109 587 Line 7.33333 4.66667 8 4.66667
109 588 Line 8 4.66667 8.66667 4.66667
109 646 Line 8.66667 4 8.66667 4.66667
109 816 Line 7.33333 4 8 4
109 817 Line 8 4 8.66667 4
109 831 Line 7.33333 4 7.33333 4.66667
110 114 Line 28 14.6667 28 16
110 208 Line 26.6667 14.6667 27.3333 14.6667
110 264 Line 26.6667 16 27.3333 16
110 266 Line 27.3333 14.6667 28 14.6667
110 270 Line 27.3333 16 28 16
110 313 Line 26.6667 14.6667 26.6667 16
111 -1 Line 0 22 0 22.6667
111 -1 Line 0 22.6667 1.33333 22.6667
111 145 Line 1.33333 22 1.33333 22.6667
111 173 Line 0 22 1.33333 22
112 237 Line 4.66667 12.6667 5.33333 12.6667
112 479 Line 5.33333 12.6667 6 12.6667
112 701 Line 4.66667 12.6667 4.66667 13.3333
112 727 Line 6 12.6667 6 13.3333
113 177 Line 28 2 28.6667 2
113 818 Line 28 3.33333 28.6667 3.33333
113 915 Line 28.6667 2 28.6667 2.66667
113 916 Line 28.6667 2.66667 28.6667 3.33333
114 118 Line 28.6667 14 28.6667 16
114 131 Line 28 14 28.6667 14
114 207 Line 28 16 28.6667 16
114 266 Line 28 14 28 14.6667
115 122 Line 22 2.66667 22.6667 2.66667
115 188 Line 22.6667 2.66667 24 2.66667
115 217 Line 22 4.66667 22.6667 4.66667
115 246 Line 22 2.66667 22 4
115 307 Line 24 2.66667 24 4
115 856 Line 23.3333 4.66667 24 4.66667
115 858 Line 24 4 24 4.66667
115 954 Line 22 4 22 4.66667
115 984 Line 22.6667 4.66667 23.3333 4.66667
116 237 Line 4 12 5.33333 12
116 435 Line 5.33333 11.3333 5.33333 12
116 574 Line 4 11.3333 4.66667 11.3333
116 575 Line 4.66667 11.3333 5.33333 11.3333
116 805 Line 4 11.3333 4 12
117 -1 Line 10 0 11.3333 0
117 165 Line 10 0 10 0.666667
117 715 Line 11.3333 0 11.3333 0.666667
118 131 Line 28.6667 14 30 14
118 141 Line 29.3333 16 30 16
118 207 Line 28.6667 16 29.3333 16
119 329 Line 22.6667 10.6667 22.6667 11.3333
119 330 Line 22.6667 11.3333 22.6667 12
119 333 Line 22.6667 10.6667 23.3333 10.6667
119 470 Line 23.3333 10.6667 24 10.6667
119 638 Line 22.6667 12 23.3333 12
119 878 Line 24 10.6667 24 11.3333
119 879 Line 24 11.3333 24 12
119 986 Line 23.3333 12 24 12
120 258 Line 19.3333 17.3333 19.3333 19.3333
120 280 Line 19.3333 19.3333 19.3333 20.6667
120 795 Line 20.6667 21.3333 21.3333 21.3333
120 950 Line 19.3333 20.6667 19.3333 21.3333
121 129 Line 31.3333 6 31.3333 7.33333
121 295 Line 30.6667 7.33333 31.3333 7.33333
121 584 Line 30.6667 6 31.3333 6
122 188 Line 22.6667 1.33333 22.6667 2.66667
122 249 Line 22 1.33333 22 2.66667
122 314 Line 22 1.33333 22.6667 1.33333
123 -1 Line 29.3333 22.6667 30.6667 22.6667
123 171 Line 29.3333 21.3333 30.6667 21.3333
123 304 Line 29.3333 21.3333 29.3333 22.6667
123 311 Line 30.6667 21.3333 30.6667 22.6667
124 195 Line 3.33333 15.3333 4.66667 15.3333
124 286 Line 4.66667 14.6667 4.66667 15.3333
124 292 Line 3.33333 14 3.33333 14.6667
124 737 Line 3.33333 14.6667 3.33333 15.3333
125 328 Line 27.3333 6 28 6
125 363 Line 27.3333 7.33333 28 7.33333
125 428 Line 27.3333 6 27.3333 6.66667
125 429 Line 27.3333 6.66667 27.3333 7.33333
125 495 Line 28 6 28 6.66667
125 496 Line 28 6.66667 28 7.33333
126 172 Line 18 8 18 9.33333
126 810 Line 18.6667 8 18.6667 8.66667
126 896 Line 18 8 18.6667 8
126 998 Line 18 9.33333 18 10
127 258 Line 18.6667 17.3333 18.6667 19.3333
128 488 Line 17.3333 5.33333 18 5.33333
128 674 Line 18.6667 4.66667 18.6667 5.33333
128 677 Line 17.3333 4.66667 17.3333 5.33333
128 808 Line 17.3333 4.66667 18 4.66667
128 809 Line 18 4.66667 18.6667 4.66667
129 163 Line 32 6.66667 32 8.66667
129 255 Line 31.3333 8.66667 31.3333 9.33333
129 260 Line 32 5.33333 32 6.66667
129 295 Line 31.3333 7.33333 31.3333 8.66667
129 302 Line 31.3333 5.33333 32 5.33333
129 584 Line 31.3333 5.33333 31.3333 6
129 652 Line 31.3333 9.33333 32 9.33333
129 888 Line 32 8.66667 32 9.33333
130 -1 Line 1.33333 0 2.66667 0
130 274 Line 1.33333 0.666667 2.66667 0.666667
130 624 Line 2.66667 0 2.66667 0.666667
131 160 Line 28 13.3333 29.3333 13.3333
131 266 Line 28 13.3333 28 14
131 717 Line 29.3333 13.3333 30 13.3333
132 157 Line 0.666667 15.3333 0.666667 16
132 204 Line 0.666667 15.3333 2.66667 15.3333
132 241 Line 1.33333 16 2.66667 16
132 467 Line 2.66667 15.3333 2.66667 16
132 711 Line 0.666667 16 1.33333 16
133 353 Line 7.33333 12 8 12
133 461 Line 6.66667 11.3333 6.66667 12
133 519 Line 6.66667 12 7.33333 12
133 823 Line 6.66667 11.3333 7.33333 11.3333
133 824 Line 7.33333 11.3333 8 11.3333
133 975 Line 8 11.3333 8 12
134 221 Line 13.3333 17.3333 14 17.3333
134 226 Line 11.3333 16.6667 12.6667 16.6667
134 267 Line 12.6667 16.6667 14 16.6667
134 282 Line 10 16.6667 11.3333 16.6667
134 294 Line 14 16.6667 14 17.3333
134 323 Line 9.33333 16.6667 9.33333 17.3333
134 797 Line 9.33333 16.6667 10 16.6667
135 229 Line 30.6667 12 30.6667 13.3333
135 632 Line 30 12 30.6667 12
135 717 Line 30 12.6667 30 13.3333
135 959 Line 30 12 30 12.6667
136 147 Line 28 12 28 12.6667
136 220 Line 28 11.3333 28 12
136 262 Line 26.6667 11.3333 27.3333 11.3333
136 890 Line 26.6667 12 26.6667 12.6667
136 931 Line 26.6667 11.3333 26.6667 12
136 964 Line 27.3333 11.3333 28 11.3333
136 967 Line 26.6667 12.6667 27.3333 12.6667
136 968 Line 27.3333 12.6667 28 12.6667
137 363 Line 27.3333 8 28 8
137 476 Line 27.3333 9.33333 27.3333 10
137 615 Line 28 8.66667 28 9.33333
137 644 Line 28 9.33333 28 10
137 691 Line 27.3333 8 27.3333 8.66667
137 692 Line 27.3333 8.66667 27.3333 9.33333
137 845 Line 28 8 28 8.66667
137 963 Line 27.3333 10 28 10
138 261 Line 1.33333 1.33333 1.33333 2
138 274 Line 1.33333 1.33333 2.66667 1.33333
138 281 Line 2 2.66667 2.66667 2.66667
138 599 Line 1.33333 2 1.33333 2.66667
138 636 Line 1.33333 2.66667 2 2.66667
139 -1 Line 34 16 34 17.3333
139 186 Line 33.3333 16 33.3333 17.3333
139 912 Line 33.3333 16 34 16
140 184 Line 27.3333 22 28.6667 22
140 256 Line 27.3333 21.3333 27.3333 22
140 257 Line 27.3333 21.3333 28 21.3333
140 304 Line 28.6667 21.3333 28.6667 22
141 207 Line 29.3333 16 29.3333 16.6667
142 262 Line 26.6667 10 26.6667 10.6667
142 379 Line 24.6667 9.33333 25.3333 9.33333
142 380 Line 25.3333 9.33333 26 9.33333
142 395 Line 24.6667 9.33333 24.6667 10
142 471 Line 24.6667 10 24.6667 10.6667
142 476 Line 26.6667 9.33333 26.6667 10
142 499 Line 24.6667 10.6667 25.3333 10.6667
142 594 Line 26 9.33333 26.6667 9.33333
142 930 Line 26 10.6667 26.6667 10.6667
142 932 Line 25.3333 10.6667 26 10.6667
143 146 Line 20.6667 8 21.3333 8
143 175 Line 20 8 20 8.66667
143 227 Line 20 8 20.6667 8
143 973 Line 20 8.66667 20.6667 8.66667
143 974 Line 20.6667 8.66667 21.3333 8.66667
144 899 Line 9.33333 13.3333 9.33333 14
144 900 Line 9.33333 14 9.33333 14.6667
144 955 Line 10 13.3333 10 14
144 956 Line 10 14 10 14.6667
145 -1 Line 1.33333 22.6667 2.66667 22.6667
145 159 Line 1.33333 22 2 22
145 216 Line 2 22 2.66667 22
145 219 Line 2.66667 22 2.66667 22.6667
146 227 Line 20.6667 7.33333 20.6667 8
146 301 Line 20.6667 7.33333 22 7.33333
146 812 Line 22.6667 7.33333 22.6667 8
146 934 Line 22 7.33333 22.6667 7.33333
147 160 Line 28 12.6667 29.3333 12.6667
147 220 Line 28 12 28.6667 12
147 825 Line 28.6667 12 29.3333 12
147 959 Line 29.3333 12 29.3333 12.6667
148 318 Line 8.66667 12 8.66667 12.6667
148 321 Line 8.66667 12.6667 9.33333 12.6667
148 498 Line 9.33333 12 9.33333 12.6667
148 960 Line 8.66667 11.3333 9.33333 11.3333
148 975 Line 8.66667 11.3333 8.66667 12
149 189 Line 20 6 20 6.66667
149 227 Line 20 6.66667 20 7.33333
149 300 Line 19.3333 6 19.3333 7.33333
149 768 Line 19.3333 7.33333 20 7.33333
149 969 Line 19.3333 6 20 6
150 265 Line 22 12.6667 22.6667 12.6667
150 491 Line 22.6667 13.3333 23.3333 13.3333
150 579 Line 23.3333 12.6667 23.3333 13.3333
150 638 Line 22.6667 12.6667 23.3333 12.6667
150 773 Line 22 12.6667 22 13.3333
151 -1 Line 19.3333 0 20 0
151 202 Line 20 0 20 1.33333
152 187 Line 3.33333 3.33333 3.33333 4
152 390 Line 3.33333 4 4 4
152 551 Line 4 3.33333 4 4
152 686 Line 3.33333 2.66667 4 2.66667
152 730 Line 4 2.66667 4 3.33333
153 165 Line 5.33333 0.666667 8 0.666667
153 303 Line 8 0.666667 8 1.33333
153 761 Line 6 1.33333 6.66667 1.33333
154 179 Line 2.66667 18 4 18
154 231 Line 2.66667 18 2.66667 18.6667
155 -1 Line 4 22.6667 5.33333 22.6667
155 194 Line 5.33333 22 5.33333 22.6667
155 219 Line 4 22 4 22.6667
156 218 Line 22 16 22 16.6667
156 512 Line 22.6667 16 22.6667 16.6667
156 514 Line 22 18 22.6667 18
156 656 Line 22.6667 16.6667 22.6667 17.3333
156 657 Line 22.6667 17.3333 22.6667 18
157 -1 Line 0 14.6667 0 16
157 204 Line 0.666667 14.6667 0.666667 15.3333
157 319 Line 0 16 0.666667 16
157 475 Line 0 14.6667 0.666667 14.6667
158 236 Line 2.66667 10.6667 2.66667 12
158 325 Line 3.33333 10.6667 3.33333 11.3333
158 393 Line 2.66667 10.6667 3.33333 10.6667
158 805 Line 3.33333 11.3333 3.33333 12
158 952 Line 2.66667 12 3.33333 12
159 173 Line 1.33333 21.3333 1.33333 22
159 216 Line 2 20.6667 2 22
160 717 Line 29.3333 12.6667 29.3333 13.3333
160 968 Line 28 12.6667 28 13.3333
161 -1 Line 34 2.66667 34 3.33333
161 315 Line 30 3.33333 31.3333 3.33333
161 843 Line 29.3333 3.33333 30 3.33333
161 916 Line 29.3333 2.66667 29.3333 3.33333
162 198 Line 17.3333 2 17.3333 3.33333
162 254 Line 18.6667 1.33333 18.6667 4
162 722 Line 17.3333 3.33333 17.3333 4
162 808 Line 17.3333 4 18 4
162 809 Line 18 4 18.6667 4
162 957 Line 17.3333 1.33333 17.3333 2
163 260 Line 32 6.66667 32.6667 6.66667
163 642 Line 32.6667 6.66667 32.6667 7.33333
163 888 Line 32 8.66667 32.6667 8.66667
163 971 Line 32.6667 7.33333 32.6667 8
163 972 Line 32.6667 8 32.6667 8.66667
164 180 Line 5.33333 21.3333 6.66667 21.3333
164 194 Line 5.33333 22 7.33333 22
164 233 Line 7.33333 21.3333 7.33333 22
165 -1 Line 5.33333 0 10 0
165 303 Line 8 0.666667 10 0.666667
166 193 Line 22 22 24 22
166 271 Line 22 21.3333 24 21.3333
166 995 Line 24 21.3333 24 22
166 996 Line 22 21.3333 22 22
167 -1 Line 26 0 26.6667 0
167 705 Line 26 0 26 0.666667
167 706 Line 26 0.666667 26 1.33333
167 814 Line 26.6667 0.666667 26.6667 1.33333
167 961 Line 26 1.33333 26.6667 1.33333
168 210 Line 8.66667 15.3333 8.66667 16
168 309 Line 8.66667 14.6667 8.66667 15.3333
168 327 Line 8.66667 16 9.33333 16
168 340 Line 9.33333 15.3333 9.33333 16
168 900 Line 8.66667 14.6667 9.33333 14.6667
169 267 Line 13.3333 15.3333 14.6667 15.3333
169 450 Line 13.3333 14.6667 13.3333 15.3333
169 484 Line 13.3333 14.6667 14 14.6667
169 749 Line 14 14.6667 14.6667 14.6667
169 942 Line 14.6667 14.6667 14.6667 15.3333
170 260 Line 32.6667 5.33333 32.6667 6.66667
170 642 Line 32.6667 6.66667 33.3333 6.66667
170 840 Line 32.6667 5.33333 33.3333 5.33333
171 228 Line 30.6667 20.6667 30.6667 21.3333
171 247 Line 29.3333 20.6667 30 20.6667
171 276 Line 30 20.6667 30.6667 20.6667
172 480 Line 17.3333 8 17.3333 8.66667
172 481 Line 17.3333 8.66667 17.3333 9.33333
172 532 Line 17.3333 8 18 8
172 998 Line 17.3333 9.33333 18 9.33333
173 -1 Line 0 21.3333 0 22
174 259 Line 0.666667 12 0.666667 12.6667
174 293 Line 0.666667 12 1.33333 12
174 310 Line 2 12 2 12.6667
174 776 Line 0.666667 12.6667 1.33333 12.6667
174 777 Line 1.33333 12.6667 2 12.6667
174 813 Line 1.33333 12 2 12
175 768 Line 19.3333 8 20 8
175 810 Line 19.3333 8 19.3333 8.66667
175 973 Line 20 8.66667 20 9.33333
175 982 Line 19.3333 9.33333 20 9.33333
176 585 Line 5.33333 17.3333 6 17.3333
176 586 Line 6 17.3333 6.66667 17.3333
176 658 Line 6.66667 16.6667 6.66667 17.3333
176 990 Line 5.33333 16.6667 5.33333 17.3333
177 312 Line 28.6667 0.666667 28.6667 2
177 815 Line 28 0.666667 28 1.33333
178 203 Line 26 16 26 17.3333
178 225 Line 26 17.3333 26.6667 17.3333
178 264 Line 26.6667 16 26.6667 17.3333
178 313 Line 26 16 26.6667 16
179 230 Line 4 17.3333 4 18
179 511 Line 2.66667 17.3333 3.33333 17.3333
179 690 Line 2.66667 17.3333 2.66667 18
179 867 Line 3.33333 17.3333 4 17.3333
181 -1 Line 15.3333 0 16 0
181 223 Line 15.3333 0 15.3333 0.666667
181 240 Line 16 0 16 1.33333
181 709 Line 15.3333 1.33333 16 1.33333
181 736 Line 15.3333 0.666667 15.3333 1.33333
182 -1 Line 0 5.33333 0 6.66667
182 245 Line 0.666667 6.66667 2 6.66667
182 600 Line 1.33333 5.33333 2 5.33333
182 719 Line 0 6.66667 0.666667 6.66667
182 902 Line 2 5.33333 2 6
182 903 Line 2 6 2 6.66667
182 980 Line 0.666667 5.33333 1.33333 5.33333
183 -1 Line 34 8.66667 34 10.6667
183 392 Line 33.3333 10.6667 34 10.6667
183 414 Line 33.3333 8.66667 33.3333 9.33333
183 769 Line 33.3333 9.33333 33.3333 10
183 770 Line 33.3333 10 33.3333 10.6667
184 -1 Line 26.6667 22.6667 28.6667 22.6667
184 256 Line 26.6667 22 27.3333 22
184 304 Line 28.6667 22 28.6667 22.6667
184 565 Line 26.6667 22 26.6667 22.6667
185 741 Line 10 10.6667 10.6667 10.6667
185 774 Line 10 12 10.6667 12
185 999 Line 10.6667 11.3333 10.6667 12
186 288 Line 32.6667 16 32.6667 17.3333
186 892 Line 32.6667 16 33.3333 16
187 243 Line 2.66667 4 2.66667 4.66667
187 281 Line 2.66667 3.33333 2.66667 4
187 390 Line 3.33333 4 3.33333 4.66667
187 634 Line 2.66667 4.66667 3.33333 4.66667
188 -1 Line 22.6667 0 24.6667 0
188 307 Line 24 2.66667 24.6667 2.66667
188 314 Line 22.6667 0 22.6667 1.33333
188 643 Line 24.6667 0 24.6667 0.666667
188 943 Line 24.6667 0.666667 24.6667 1.33333
189 227 Line 20 6.66667 20.6667 6.66667
189 301 Line 20.6667 6.66667 22 6.66667
189 789 Line 22 6 22 6.66667
189 871 Line 20.6667 6 21.3333 6
189 880 Line 21.3333 6 22 6
189 970 Line 20 6 20.6667 6
190 196 Line 18 15.3333 18.6667 15.3333
190 263 Line 17.3333 15.3333 18 15.3333
190 385 Line 17.3333 14.6667 17.3333 15.3333
190 465 Line 17.3333 14.6667 18 14.6667
190 466 Line 18 14.6667 18.6667 14.6667
190 901 Line 18.6667 14.6667 18.6667 15.3333
191 -1 Line 34 18 34 19.3333
191 250 Line 33.3333 19.3333 34 19.3333
192 234 Line 10.6667 21.3333 10.6667 22
192 422 Line 12.6667 21.3333 12.6667 22
193 -1 Line 21.3333 22.6667 24.6667 22.6667
193 796 Line 21.3333 22 21.3333 22.6667
193 834 Line 24.6667 22 24.6667 22.6667
193 995 Line 24 22 24.6667 22
193 996 Line 21.3333 22 22 22
194 -1 Line 5.33333 22.6667 7.33333 22.6667
195 286 Line 4.66667 15.3333 4.66667 16
195 316 Line 3.33333 16 4.66667 16
195 467 Line 3.33333 15.3333 3.33333 16
196 253 Line 18 16 19.3333 16
196 263 Line 18 15.3333 18 16
196 901 Line 18.6667 15.3333 19.3333 15.3333
196 919 Line 19.3333 15.3333 19.3333 16
197 218 Line 20.6667 16 21.3333 16
197 628 Line 20.6667 14.6667 21.3333 14.6667
197 695 Line 21.3333 14.6667 21.3333 15.3333
197 696 Line 21.3333 15.3333 21.3333 16
197 944 Line 20.6667 14.6667 20.6667 15.3333
197 945 Line 20.6667 15.3333 20.6667 16
198 251 Line 16.6667 2 16.6667 2.66667
198 611 Line 16.6667 2.66667 16.6667 3.33333
198 722 Line 16.6667 3.33333 17.3333 3.33333
198 957 Line 16.6667 2 17.3333 2
199 223 Line 14 0.666667 14.6667 0.666667
199 342 Line 13.3333 0.666667 13.3333 1.33333
199 434 Line 13.3333 1.33333 14 1.33333
199 452 Line 13.3333 0.666667 14 0.666667
199 736 Line 14.6667 0.666667 14.6667 1.33333
199 771 Line 14 1.33333 14.6667 1.33333
200 367 Line 9.33333 6.66667 9.33333 7.33333
200 517 Line 9.33333 6.66667 10 6.66667
200 707 Line 10 6.66667 10.6667 6.66667
200 887 Line 10.6667 6.66667 10.6667 7.33333
200 926 Line 9.33333 7.33333 10 7.33333
200 927 Line 10 7.33333 10.6667 7.33333
201 205 Line 32.6667 13.3333 33.3333 13.3333
201 660 Line 32.6667 12 33.3333 12
201 923 Line 33.3333 12 33.3333 12.6667
201 924 Line 33.3333 12.6667 33.3333 13.3333
202 -1 Line 20 0 20.6667 0
202 837 Line 20 4 20.6667 4
202 941 Line 20.6667 3.33333 20.6667 4
202 948 Line 20 3.33333 20 4
203 225 Line 24.6667 17.3333 26 17.3333
203 273 Line 25.3333 16 26 16
203 430 Line 24.6667 16 24.6667 16.6667
203 864 Line 24.6667 16 25.3333 16
203 922 Line 24.6667 16.6667 24.6667 17.3333
204 737 Line 2.66667 14.6667 2.66667 15.3333
205 419 Line 33.3333 14 33.3333 14.6667
205 487 Line 33.3333 13.3333 33.3333 14
205 891 Line 32.6667 14.6667 33.3333 14.6667
206 236 Line 2 10.6667 2.66667 10.6667
206 393 Line 2.66667 10 2.66667 10.6667
206 425 Line 2.66667 9.33333 2.66667 10
206 597 Line 2 8.66667 2.66667 8.66667
206 699 Line 2.66667 8.66667 2.66667 9.33333
207 242 Line 28 17.3333 29.3333 17.3333
207 270 Line 28 16 28 17.3333
208 266 Line 27.3333 13.3333 27.3333 14.6667
208 763 Line 26.6667 14 26.6667 14.6667
208 967 Line 26.6667 13.3333 27.3333 13.3333
209 306 Line 23.3333 7.33333 24.6667 7.33333
209 732 Line 24.6667 6.66667 24.6667 7.33333
209 812 Line 22.6667 7.33333 23.3333 7.33333
209 934 Line 22.6667 6.66667 22.6667 7.33333
210 285 Line 7.33333 16 8.66667 16
210 309 Line 7.33333 15.3333 8.66667 15.3333
211 224 Line 32 19.3333 32 22
211 250 Line 33.3333 19.3333 33.3333 20.6667
211 827 Line 32 22 32.6667 22
211 828 Line 32.6667 22 33.3333 22
211 881 Line 33.3333 20.6667 33.3333 21.3333
211 882 Line 33.3333 21.3333 33.3333 22
212 225 Line 24.6667 18.6667 24.6667 20
212 317 Line 24 18.6667 24.6667 18.6667
212 869 Line 24 20 24.6667 20
213 279 Line 8.66667 2 10 2
213 482 Line 9.33333 2.66667 10 2.66667
213 523 Line 10 2 10 2.66667
213 788 Line 8.66667 2.66667 9.33333 2.66667
214 297 Line 31.3333 10.6667 32.6667 10.6667
214 652 Line 31.3333 10 32 10
214 653 Line 32 10 32.6667 10
214 770 Line 32.6667 10 32.6667 10.6667
214 920 Line 31.3333 10 31.3333 10.6667
215 234 Line 8.66667 21.3333 10 21.3333
216 981 Line 2 20.6667 2.66667 20.6667
217 308 Line 21.3333 4.66667 21.3333 5.33333
217 880 Line 21.3333 5.33333 22 5.33333
217 954 Line 21.3333 4.66667 22 4.66667
217 958 Line 22 5.33333 22.6667 5.33333
217 984 Line 22.6667 4.66667 22.6667 5.33333
218 696 Line 21.3333 16 22 16
218 697 Line 20.6667 16 20.6667 16.6667
219 -1 Line 2.66667 22.6667 4 22.6667
220 825 Line 28.6667 11.3333 28.6667 12
220 904 Line 28 10.6667 28.6667 10.6667
220 964 Line 28 10.6667 28 11.3333
221 294 Line 14 17.3333 14 18
221 343 Line 14 18.6667 14 19.3333
221 537 Line 13.3333 19.3333 14 19.3333
221 540 Line 14 18 14 18.6667
222 309 Line 7.33333 14.6667 8.66667 14.6667
222 378 Line 8 13.3333 8.66667 13.3333
222 729 Line 7.33333 13.3333 8 13.3333
222 899 Line 8.66667 13.3333 8.66667 14
222 900 Line 8.66667 14 8.66667 14.6667
223 -1 Line 14 0 15.3333 0
223 452 Line 14 0 14 0.666667
223 736 Line 14.6667 0.666667 15.3333 0.666667
224 228 Line 31.3333 19.3333 31.3333 21.3333
224 311 Line 31.3333 21.3333 31.3333 22
224 829 Line 31.3333 22 32 22
225 242 Line 28 17.3333 28 19.3333
225 257 Line 27.3333 20 28 20
225 264 Line 26.6667 17.3333 27.3333 17.3333
225 270 Line 27.3333 17.3333 28 17.3333
225 299 Line 24.6667 20 26 20
225 317 Line 24.6667 17.3333 24.6667 18.6667
226 267 Line 12.6667 16 12.6667 16.6667
226 282 Line 11.3333 16 11.3333 16.6667
226 365 Line 11.3333 16 12 16
226 366 Line 12 16 12.6667 16
227 301 Line 20.6667 6.66667 20.6667 7.33333
227 768 Line 20 7.33333 20 8
228 276 Line 30.6667 19.3333 30.6667 20.6667
228 311 Line 30.6667 21.3333 31.3333 21.3333
229 275 Line 31.3333 12 32 12
229 633 Line 30.6667 12 31.3333 12
230 585 Line 5.33333 17.3333 5.33333 18
230 868 Line 4 17.3333 4.66667 17.3333
230 990 Line 4.66667 17.3333 5.33333 17.3333
231 690 Line 2 18 2.66667 18
231 981 Line 2 20 2.66667 20
232 472 Line 14.6667 5.33333 15.3333 5.33333
232 494 Line 14.6667 4 15.3333 4
232 785 Line 14.6667 4 14.6667 4.66667
232 786 Line 14.6667 4.66667 14.6667 5.33333
233 234 Line 8.66667 21.3333 8.66667 22
235 417 Line 12 4.66667 12.6667 4.66667
235 510 Line 11.3333 4 11.3333 4.66667
235 582 Line 12.6667 4 12.6667 4.66667
235 965 Line 11.3333 4 12 4
235 966 Line 12 4 12.6667 4
235 989 Line 11.3333 4.66667 12 4.66667
236 310 Line 2 12 2.66667 12
236 813 Line 2 11.3333 2 12
237 479 Line 5.33333 12 5.33333 12.6667
237 701 Line 4 12.6667 4.66667 12.6667
237 806 Line 4 12 4 12.6667
238 253 Line 18 16 18 16.6667
238 263 Line 16.6667 16 18 16
238 296 Line 16.6667 16.6667 17.3333 16.6667
238 925 Line 16.6667 16 16.6667 16.6667
239 269 Line 4.66667 6.66667 6 6.66667
239 278 Line 5.33333 6 6 6
239 550 Line 4 6 4 6.66667
239 851 Line 4 6.66667 4.66667 6.66667
239 985 Line 6 6 6 6.66667
240 -1 Line 16 0 16.6667 0
240 710 Line 16 1.33333 16.6667 1.33333
240 723 Line 16.6667 0 16.6667 0.666667
240 724 Line 16.6667 0.666667 16.6667 1.33333
241 244 Line 1.33333 16.6667 2 16.6667
241 383 Line 2.66667 16 2.66667 16.6667
241 421 Line 2 16.6667 2.66667 16.6667
241 711 Line 1.33333 16 1.33333 16.6667
243 281 Line 2 4 2.66667 4
243 291 Line 2 4 2 4.66667
243 600 Line 2 4.66667 2 5.33333
243 634 Line 2.66667 4.66667 2.66667 5.33333
243 902 Line 2 5.33333 2.66667 5.33333
244 -1 Line 0 16.6667 0 17.3333
244 319 Line 0 16.6667 0.666667 16.6667
244 421 Line 2 16.6667 2 17.3333
244 711 Line 0.666667 16.6667 1.33333 16.6667
245 719 Line 0.666667 6.66667 0.666667 7.33333
245 807 Line 2 6.66667 2 7.33333
246 249 Line 21.3333 2.66667 22 2.66667
246 941 Line 21.3333 3.33333 21.3333 4
246 954 Line 21.3333 4 22 4
247 276 Line 30 19.3333 30 20.6667
248 287 Line 14 21.3333 15.3333 21.3333
248 331 Line 14 20 14 20.6667
248 443 Line 14 20.6667 14 21.3333
248 629 Line 14 20 14.6667 20
248 630 Line 14.6667 20 15.3333 20
249 -1 Line 21.3333 0 22 0
249 314 Line 22 0 22 1.33333
250 -1 Line 34 19.3333 34 20.6667
250 881 Line 33.3333 20.6667 34 20.6667
251 539 Line 15.3333 2 15.3333 2.66667
251 610 Line 15.3333 2.66667 16 2.66667
251 611 Line 16 2.66667 16.6667 2.66667
251 709 Line 15.3333 2 16 2
251 710 Line 16 2 16.6667 2
252 268 Line 3.33333 1.33333 4 1.33333
252 686 Line 3.33333 2 4 2
252 687 Line 4 2 4.66667 2
252 994 Line 4 1.33333 4.66667 1.33333
253 641 Line 19.3333 16 19.3333 16.6667
253 929 Line 18.6667 16.6667 19.3333 16.6667
254 948 Line 19.3333 3.33333 19.3333 4
255 295 Line 30.6667 8.66667 31.3333 8.66667
255 917 Line 29.3333 8.66667 29.3333 9.33333
256 565 Line 26 22 26.6667 22
256 833 Line 26 21.3333 26 22
258 280 Line 18.6667 19.3333 19.3333 19.3333
258 929 Line 18.6667 17.3333 19.3333 17.3333
259 -1 Line 0 12 0 13.3333
259 776 Line 0.666667 12.6667 0.666667 13.3333
260 302 Line 32 5.33333 32.6667 5.33333
261 -1 Line 0 0.666667 0 2
261 274 Line 1.33333 0.666667 1.33333 1.33333
261 598 Line 0 2 0.666667 2
261 599 Line 0.666667 2 1.33333 2
262 476 Line 26.6667 10 27.3333 10
262 930 Line 26.6667 10.6667 26.6667 11.3333
262 963 Line 27.3333 10 27.3333 10.6667
262 964 Line 27.3333 10.6667 27.3333 11.3333
263 385 Line 16.6667 15.3333 17.3333 15.3333
263 399 Line 16.6667 15.3333 16.6667 16
264 270 Line 27.3333 16 27.3333 17.3333
265 330 Line 22 12 22.6667 12
265 410 Line 21.3333 12 22 12
265 572 Line 21.3333 12 21.3333 12.6667
265 638 Line 22.6667 12 22.6667 12.6667
265 773 Line 21.3333 12.6667 22 12.6667
266 968 Line 27.3333 13.3333 28 13.3333
267 294 Line 14 16.6667 14.6667 16.6667
267 338 Line 15.3333 16 15.3333 16.6667
267 355 Line 14.6667 16.6667 15.3333 16.6667
267 366 Line 12.6667 15.3333 12.6667 16
267 450 Line 12.6667 15.3333 13.3333 15.3333
267 910 Line 15.3333 15.3333 15.3333 16
267 942 Line 14.6667 15.3333 15.3333 15.3333
268 -1 Line 3.33333 0 4 0
268 624 Line 3.33333 0 3.33333 0.666667
268 993 Line 4 0 4 0.666667
268 994 Line 4 0.666667 4 1.33333
269 851 Line 4.66667 6.66667 4.66667 7.33333
271 299 Line 24.6667 20.6667 24.6667 21.3333
271 869 Line 24 20.6667 24.6667 20.6667
271 873 Line 22 20.6667 22.6667 20.6667
271 995 Line 24 21.3333 24.6667 21.3333
272 472 Line 14.6667 6 15.3333 6
272 541 Line 14.6667 6 14.6667 6.66667
272 607 Line 15.3333 6 15.3333 6.66667
272 874 Line 15.3333 6.66667 15.3333 7.33333
273 313 Line 26 14.6667 26 16
273 765 Line 25.3333 14.6667 26 14.6667
273 864 Line 25.3333 15.3333 25.3333 16
273 866 Line 25.3333 14.6667 25.3333 15.3333
275 297 Line 31.3333 11.3333 32.6667 11.3333
275 633 Line 31.3333 11.3333 31.3333 12
275 660 Line 32.6667 11.3333 32.6667 12
277 361 Line 26 6 26 6.66667
277 732 Line 24.6667 6.66667 25.3333 6.66667
277 733 Line 25.3333 6.66667 26 6.66667
278 373 Line 6.66667 5.33333 6.66667 6
278 782 Line 5.33333 5.33333 6 5.33333
278 783 Line 6 5.33333 6.66667 5.33333
278 985 Line 6 6 6.66667 6
279 303 Line 8.66667 1.33333 10 1.33333
279 523 Line 10 2 10.6667 2
279 742 Line 10.6667 1.33333 10.6667 2
280 950 Line 18.6667 20.6667 19.3333 20.6667
281 291 Line 2 3.33333 2 4
281 636 Line 2 2.66667 2 3.33333
282 544 Line 10 16 10.6667 16
282 545 Line 10.6667 16 11.3333 16
282 797 Line 10 16 10 16.6667
283 463 Line 17.3333 11.3333 17.3333 12
283 702 Line 16 11.3333 16.6667 11.3333
283 703 Line 16.6667 11.3333 17.3333 11.3333
283 913 Line 16 12 16.6667 12
283 914 Line 16.6667 12 17.3333 12
284 553 Line 13.3333 11.3333 14 11.3333
284 556 Line 14 10 14 10.6667
284 557 Line 14 10.6667 14 11.3333
284 762 Line 13.3333 10 14 10
284 947 Line 13.3333 10 13.3333 10.6667
285 327 Line 8.66667 16 8.66667 16.6667
285 647 Line 7.33333 16.6667 8 16.6667
285 648 Line 8 16.6667 8.66667 16.6667
285 792 Line 7.33333 16 7.33333 16.6667
286 529 Line 4.66667 16 5.33333 16
287 -1 Line 14 22.6667 15.3333 22.6667
288 870 Line 32 16 32.6667 16
289 463 Line 17.3333 11.3333 18 11.3333
289 640 Line 17.3333 10 17.3333 10.6667
289 703 Line 17.3333 10.6667 17.3333 11.3333
289 998 Line 17.3333 10 18 10
290 -1 Line 16.6667 22.6667 17.3333 22.6667
291 600 Line 1.33333 4.66667 2 4.66667
291 636 Line 1.33333 3.33333 2 3.33333
291 978 Line 1.33333 3.33333 1.33333 4
291 979 Line 1.33333 4 1.33333 4.66667
292 614 Line 2.66667 13.3333 2.66667 14
292 737 Line 2.66667 14.6667 3.33333 14.6667
292 953 Line 2.66667 13.3333 3.33333 13.3333
293 813 Line 1.33333 11.3333 1.33333 12
293 992 Line 0.666667 10.6667 1.33333 10.6667
294 355 Line 14.6667 16.6667 14.6667 17.3333
294 356 Line 14.6667 17.3333 14.6667 18
294 540 Line 14 18 14.6667 18
295 623 Line 30.6667 7.33333 30.6667 8
296 505 Line 16 16.6667 16 17.3333
296 925 Line 16 16.6667 16.6667 16.6667
297 659 Line 32.6667 10.6667 32.6667 11.3333
297 921 Line 31.3333 10.6667 31.3333 11.3333
298 507 Line 28 4 28 4.66667
298 508 Line 28 4.66667 28 5.33333
298 564 Line 28 5.33333 28.6667 5.33333
298 818 Line 28 4 28.6667 4
299 832 Line 24.6667 21.3333 25.3333 21.3333
299 833 Line 25.3333 21.3333 26 21.3333
299 869 Line 24.6667 20 24.6667 20.6667
300 768 Line 19.3333 7.33333 19.3333 8
300 810 Line 18.6667 8 19.3333 8
300 896 Line 18.6667 7.33333 18.6667 8
300 897 Line 18.6667 6 18.6667 6.66667
300 898 Line 18.6667 6.66667 18.6667 7.33333
301 934 Line 22 6.66667 22 7.33333
302 604 Line 31.3333 4.66667 31.3333 5.33333
302 840 Line 32.6667 4.66667 32.6667 5.33333
302 854 Line 31.3333 4.66667 32 4.66667
302 855 Line 32 4.66667 32.6667 4.66667
304 -1 Line 28.6667 22.6667 29.3333 22.6667
305 856 Line 23.3333 5.33333 24 5.33333
305 958 Line 22.6667 5.33333 22.6667 6
305 984 Line 22.6667 5.33333 23.3333 5.33333
306 336 Line 24 8 24.6667 8
306 350 Line 24.6667 7.33333 24.6667 8
306 682 Line 23.3333 8 24 8
306 812 Line 23.3333 7.33333 23.3333 8
307 760 Line 24.6667 2.66667 24.6667 3.33333
307 799 Line 24.6667 3.33333 24.6667 4
307 858 Line 24 4 24.6667 4
308 837 Line 20.6667 4 20.6667 4.66667
308 838 Line 20.6667 4.66667 20.6667 5.33333
308 871 Line 20.6667 5.33333 21.3333 5.33333
308 941 Line 20.6667 4 21.3333 4
308 954 Line 21.3333 4 21.3333 4.66667
310 614 Line 2 13.3333 2.66667 13.3333
310 777 Line 2 12.6667 2 13.3333
310 952 Line 2.66667 12 2.66667 12.6667
310 953 Line 2.66667 12.6667 2.66667 13.3333
311 -1 Line 30.6667 22.6667 31.3333 22.6667
311 829 Line 31.3333 22 31.3333 22.6667
312 631 Line 28.6667 0.666667 29.3333 0.666667
312 915 Line 28.6667 2 29.3333 2
313 763 Line 26 14.6667 26.6667 14.6667
314 -1 Line 22 0 22.6667 0
315 603 Line 30.6667 4 31.3333 4
315 843 Line 30 3.33333 30 4
315 883 Line 30 4 30.6667 4
316 383 Line 3.33333 16 3.33333 16.6667
316 529 Line 4.66667 16 4.66667 16.6667
316 867 Line 3.33333 16.6667 4 16.6667
316 868 Line 4 16.6667 4.66667 16.6667
317 478 Line 24 18 24 18.6667
317 513 Line 24 17.3333 24 18
317 922 Line 24 17.3333 24.6667 17.3333
318 353 Line 8 12 8 12.6667
318 378 Line 8 12.6667 8.66667 12.6667
318 975 Line 8 12 8.66667 12
319 -1 Line 0 16 0 16.6667
319 711 Line 0.666667 16 0.666667 16.6667
320 344 Line 14.6667 18.6667 15.3333 18.6667
320 356 Line 14.6667 18 15.3333 18
320 540 Line 14.6667 18 14.6667 18.6667
321 378 Line 8.66667 12.6667 8.66667 13.3333
321 899 Line 8.66667 13.3333 9.33333 13.3333
322 453 Line 20 12 20 12.6667
322 572 Line 20.6667 12 20.6667 12.6667
322 669 Line 20 12.6667 20.6667 12.6667
323 327 Line 8.66667 16.6667 9.33333 16.6667
323 648 Line 8.66667 16.6667 8.66667 17.3333
324 400 Line 12.6667 7.33333 12.6667 8
324 438 Line 13.3333 7.33333 13.3333 8
324 781 Line 12.6667 8 13.3333 8
325 548 Line 3.33333 10.6667 4 10.6667
325 574 Line 4 10.6667 4 11.3333
325 805 Line 3.33333 11.3333 4 11.3333
326 411 Line 16 13.3333 16 14
326 444 Line 15.3333 14 16 14
326 561 Line 15.3333 13.3333 15.3333 14
327 797 Line 9.33333 16 9.33333 16.6667
328 451 Line 27.3333 5.33333 27.3333 6
328 508 Line 27.3333 5.33333 28 5.33333
328 564 Line 28 5.33333 28 6
329 330 Line 22 11.3333 22.6667 11.3333
329 409 Line 22 10.6667 22 11.3333
329 474 Line 22 10.6667 22.6667 10.6667
330 410 Line 22 11.3333 22 12
331 443 Line 13.3333 20.6667 14 20.6667
331 537 Line 13.3333 20 14 20
332 397 Line 5.33333 3.33333 6 3.33333
332 680 Line 6 2.66667 6 3.33333
332 685 Line 5.33333 2.66667 6 2.66667
332 731 Line 5.33333 2.66667 5.33333 3.33333
333 439 Line 22.6667 10 23.3333 10
333 470 Line 23.3333 10 23.3333 10.6667
333 474 Line 22.6667 10 22.6667 10.6667
334 391 Line 4.66667 4 4.66667 4.66667
334 486 Line 4.66667 4.66667 5.33333 4.66667
334 552 Line 4.66667 4 5.33333 4
334 801 Line 5.33333 4 5.33333 4.66667
335 358 Line 19.3333 11.3333 19.3333 12
335 406 Line 18.6667 12 19.3333 12
335 464 Line 18.6667 11.3333 18.6667 12
335 794 Line 18.6667 11.3333 19.3333 11.3333
336 337 Line 24 8.66667 24.6667 8.66667
336 436 Line 24.6667 8 24.6667 8.66667
336 682 Line 24 8 24 8.66667
337 379 Line 24.6667 8.66667 24.6667 9.33333
337 395 Line 24 9.33333 24.6667 9.33333
337 683 Line 24 8.66667 24 9.33333
338 505 Line 15.3333 16.6667 16 16.6667
338 910 Line 15.3333 16 16 16
338 925 Line 16 16 16 16.6667
339 394 Line 10.6667 14.6667 11.3333 14.6667
339 605 Line 11.3333 14 11.3333 14.6667
339 956 Line 10.6667 14 10.6667 14.6667
340 544 Line 10 15.3333 10 16
340 797 Line 9.33333 16 10 16
341 -1 Line 12.6667 0 13.3333 0
341 342 Line 12.6667 0.666667 13.3333 0.666667
341 452 Line 13.3333 0 13.3333 0.666667
341 716 Line 12.6667 0 12.6667 0.666667
342 403 Line 12.6667 0.666667 12.6667 1.33333
342 433 Line 12.6667 1.33333 13.3333 1.33333
343 344 Line 14.6667 18.6667 14.6667 19.3333
343 540 Line 14 18.6667 14.6667 18.6667
343 629 Line 14 19.3333 14.6667 19.3333
344 630 Line 14.6667 19.3333 15.3333 19.3333
345 346 Line 16.6667 14 16.6667 14.6667
345 376 Line 16 14.6667 16.6667 14.6667
345 411 Line 16 14 16.6667 14
345 444 Line 16 14 16 14.6667
346 385 Line 16.6667 14.6667 17.3333 14.6667
346 412 Line 16.6667 14 17.3333 14
346 465 Line 17.3333 14 17.3333 14.6667
347 348 Line 8.66667 6 9.33333 6
347 407 Line 8.66667 5.33333 9.33333 5.33333
347 424 Line 9.33333 5.33333 9.33333 6
347 432 Line 8.66667 5.33333 8.66667 6
348 367 Line 8.66667 6.66667 9.33333 6.66667
348 515 Line 8.66667 6 8.66667 6.66667
348 517 Line 9.33333 6 9.33333 6.66667
349 416 Line 14 12 14 12.6667
349 553 Line 13.3333 12 14 12
349 562 Line 13.3333 12.6667 14 12.6667
349 609 Line 13.3333 12 13.3333 12.6667
350 351 Line 25.3333 7.33333 25.3333 8
350 436 Line 24.6667 8 25.3333 8
350 732 Line 24.6667 7.33333 25.3333 7.33333
351 375 Line 26 7.33333 26 8
351 437 Line 25.3333 8 26 8
351 733 Line 25.3333 7.33333 26 7.33333
352 384 Line 16.6667 7.33333 16.6667 8
352 480 Line 16.6667 8 17.3333 8
352 532 Line 17.3333 7.33333 17.3333 8
352 746 Line 16.6667 7.33333 17.3333 7.33333
353 519 Line 7.33333 12 7.33333 12.6667
353 729 Line 7.33333 12.6667 8 12.6667
354 502 Line 12 12.6667 12 13.3333
354 559 Line 12.6667 12.6667 12.6667 13.3333
354 608 Line 12 12.6667 12.6667 12.6667
354 811 Line 12 13.3333 12.6667 13.3333
355 356 Line 14.6667 17.3333 15.3333 17.3333
355 505 Line 15.3333 16.6667 15.3333 17.3333
357 358 Line 19.3333 11.3333 20 11.3333
357 458 Line 20 10.6667 20 11.3333
357 794 Line 19.3333 10.6667 19.3333 11.3333
357 983 Line 19.3333 10.6667 20 10.6667
358 453 Line 19.3333 12 20 12
359 596 Line 2.66667 7.33333 2.66667 8
359 635 Line 2.66667 7.33333 3.33333 7.33333
359 698 Line 2.66667 8 3.33333 8
359 734 Line 3.33333 7.33333 3.33333 8
360 442 Line 14.6667 9.33333 15.3333 9.33333
360 718 Line 14.6667 8.66667 14.6667 9.33333
360 906 Line 15.3333 8.66667 15.3333 9.33333
361 374 Line 26 6.66667 26.6667 6.66667
361 428 Line 26.6667 6 26.6667 6.66667
362 363 Line 27.3333 7.33333 27.3333 8
362 375 Line 26.6667 7.33333 26.6667 8
362 429 Line 26.6667 7.33333 27.3333 7.33333
362 691 Line 26.6667 8 27.3333 8
363 844 Line 28 7.33333 28 8
364 404 Line 8 10 8.66667 10
364 462 Line 8 10.6667 8.66667 10.6667
364 531 Line 8 10 8 10.6667
364 664 Line 8.66667 10 8.66667 10.6667
365 366 Line 12 15.3333 12 16
365 500 Line 11.3333 15.3333 12 15.3333
365 545 Line 11.3333 15.3333 11.3333 16
366 501 Line 12 15.3333 12.6667 15.3333
367 528 Line 8.66667 6.66667 8.66667 7.33333
367 651 Line 8.66667 7.33333 9.33333 7.33333
368 482 Line 10 2.66667 10 3.33333
368 489 Line 10.6667 2.66667 10.6667 3.33333
368 523 Line 10 2.66667 10.6667 2.66667
368 566 Line 10 3.33333 10.6667 3.33333
369 527 Line 7.33333 6.66667 7.33333 7.33333
369 533 Line 6.66667 6.66667 7.33333 6.66667
369 665 Line 6.66667 7.33333 7.33333 7.33333
370 390 Line 3.33333 4.66667 4 4.66667
370 485 Line 4 4.66667 4 5.33333
370 549 Line 3.33333 5.33333 4 5.33333
370 634 Line 3.33333 4.66667 3.33333 5.33333
371 447 Line 19.3333 13.3333 19.3333 14
371 454 Line 19.3333 13.3333 20 13.3333
371 670 Line 20 13.3333 20 14
372 405 Line 18 12 18 12.6667
372 463 Line 17.3333 12 18 12
372 577 Line 17.3333 12.6667 18 12.6667
372 914 Line 17.3333 12 17.3333 12.6667
373 431 Line 7.33333 5.33333 7.33333 6
373 533 Line 6.66667 6 7.33333 6
373 563 Line 6.66667 5.33333 7.33333 5.33333
374 375 Line 26 7.33333 26.6667 7.33333
374 429 Line 26.6667 6.66667 26.6667 7.33333
374 733 Line 26 6.66667 26 7.33333
375 593 Line 26 8 26.6667 8
376 385 Line 16.6667 14.6667 16.6667 15.3333
376 399 Line 16 15.3333 16.6667 15.3333
376 909 Line 16 14.6667 16 15.3333
377 435 Line 5.33333 11.3333 6 11.3333
377 490 Line 6 10.6667 6 11.3333
377 575 Line 5.33333 10.6667 5.33333 11.3333
377 758 Line 5.33333 10.6667 6 10.6667
378 729 Line 8 12.6667 8 13.3333
379 380 Line 25.3333 8.66667 25.3333 9.33333
379 436 Line 24.6667 8.66667 25.3333 8.66667
380 437 Line 25.3333 8.66667 26 8.66667
380 594 Line 26 8.66667 26 9.33333
381 382 Line 14.6667 10.6667 15.3333 10.6667
381 442 Line 14.6667 10 15.3333 10
381 556 Line 14.6667 10 14.6667 10.6667
381 862 Line 15.3333 10 15.3333 10.6667
382 426 Line 15.3333 10.6667 15.3333 11.3333
382 557 Line 14.6667 10.6667 14.6667 11.3333
382 738 Line 14.6667 11.3333 15.3333 11.3333
383 467 Line 2.66667 16 3.33333 16
383 511 Line 2.66667 16.6667 3.33333 16.6667
384 846 Line 16 8 16.6667 8
384 875 Line 16 7.33333 16 8
386 387 Line 7.33333 9.33333 7.33333 10
386 530 Line 6.66667 10 7.33333 10
386 589 Line 6.66667 9.33333 7.33333 9.33333
386 617 Line 6.66667 9.33333 6.66667 10
387 404 Line 8 9.33333 8 10
387 531 Line 7.33333 10 8 10
387 590 Line 7.33333 9.33333 8 9.33333
388 389 Line 16.6667 12.6667 16.6667 13.3333
388 411 Line 16 13.3333 16.6667 13.3333
388 913 Line 16 12.6667 16.6667 12.6667
389 412 Line 16.6667 13.3333 17.3333 13.3333
389 577 Line 17.3333 12.6667 17.3333 13.3333
389 914 Line 16.6667 12.6667 17.3333 12.6667
390 391 Line 4 4 4 4.66667
391 485 Line 4 4.66667 4.66667 4.66667
391 551 Line 4 4 4.66667 4
392 -1 Line 34 10.6667 34 11.3333
392 659 Line 33.3333 10.6667 33.3333 11.3333
392 908 Line 33.3333 11.3333 34 11.3333
393 425 Line 2.66667 10 3.33333 10
393 548 Line 3.33333 10 3.33333 10.6667
394 500 Line 11.3333 14.6667 11.3333 15.3333
394 545 Line 10.6667 15.3333 11.3333 15.3333
395 440 Line 24 9.33333 24 10
395 471 Line 24 10 24.6667 10
396 427 Line 13.3333 2.66667 13.3333 3.33333
396 555 Line 12.6667 2.66667 12.6667 3.33333
396 570 Line 12.6667 2.66667 13.3333 2.66667
396 581 Line 12.6667 3.33333 13.3333 3.33333
397 398 Line 6 3.33333 6 4
397 552 Line 5.33333 3.33333 5.33333 4
397 801 Line 5.33333 4 6 4
398 680 Line 6 3.33333 6.66667 3.33333
398 802 Line 6 4 6.66667 4
398 830 Line 6.66667 3.33333 6.66667 4
399 910 Line 16 15.3333 16 16
399 925 Line 16 16 16.6667 16
400 401 Line 12 7.33333 12.6667 7.33333
400 755 Line 12 7.33333 12 8
400 780 Line 12 8 12.6667 8
401 525 Line 12 6.66667 12.6667 6.66667
401 756 Line 12 6.66667 12 7.33333
402 403 Line 12 0.666667 12 1.33333
402 688 Line 11.3333 1.33333 12 1.33333
402 715 Line 11.3333 0.666667 12 0.666667
403 689 Line 12 1.33333 12.6667 1.33333
403 716 Line 12 0.666667 12.6667 0.666667
404 457 Line 8.66667 9.33333 8.66667 10
404 860 Line 8 9.33333 8.66667 9.33333
405 406 Line 18.6667 12 18.6667 12.6667
405 464 Line 18 12 18.6667 12
406 446 Line 18.6667 12.6667 19.3333 12.6667
406 453 Line 19.3333 12 19.3333 12.6667
407 526 Line 9.33333 4.66667 9.33333 5.33333
407 588 Line 8.66667 4.66667 8.66667 5.33333
407 646 Line 8.66667 4.66667 9.33333 4.66667
408 535 Line 4 8.66667 4 9.33333
408 547 Line 3.33333 9.33333 4 9.33333
408 699 Line 3.33333 8.66667 3.33333 9.33333
408 735 Line 3.33333 8.66667 4 8.66667
409 410 Line 21.3333 11.3333 22 11.3333
409 459 Line 21.3333 10.6667 21.3333 11.3333
409 473 Line 21.3333 10.6667 22 10.6667
411 412 Line 16.6667 13.3333 16.6667 14
412 578 Line 17.3333 13.3333 17.3333 14
413 550 Line 3.33333 6.66667 4 6.66667
413 635 Line 3.33333 6.66667 3.33333 7.33333
413 734 Line 3.33333 7.33333 4 7.33333
413 851 Line 4 6.66667 4 7.33333
414 769 Line 32.6667 9.33333 33.3333 9.33333
414 888 Line 32.6667 8.66667 32.6667 9.33333
414 972 Line 32.6667 8.66667 33.3333 8.66667
415 416 Line 14 12 14.6667 12
415 553 Line 14 11.3333 14 12
415 557 Line 14 11.3333 14.6667 11.3333
415 738 Line 14.6667 11.3333 14.6667 12
416 568 Line 14 12.6667 14.6667 12.6667
416 739 Line 14.6667 12 14.6667 12.6667
417 418 Line 12.6667 4.66667 12.6667 5.33333
417 524 Line 12 5.33333 12.6667 5.33333
417 989 Line 12 4.66667 12 5.33333
418 582 Line 12.6667 4.66667 13.3333 4.66667
418 714 Line 13.3333 4.66667 13.3333 5.33333
419 -1 Line 34 14 34 14.6667
419 487 Line 33.3333 14 34 14
419 911 Line 33.3333 14.6667 34 14.6667
420 472 Line 15.3333 5.33333 15.3333 6
420 607 Line 15.3333 6 16 6
420 876 Line 16 5.33333 16 6
421 511 Line 2.66667 16.6667 2.66667 17.3333
421 690 Line 2 17.3333 2.66667 17.3333
422 423 Line 12.6667 22 13.3333 22
423 -1 Line 12.6667 22.6667 13.3333 22.6667
424 517 Line 9.33333 6 10 6
424 526 Line 9.33333 5.33333 10 5.33333
424 595 Line 10 5.33333 10 6
425 547 Line 3.33333 9.33333 3.33333 10
425 699 Line 2.66667 9.33333 3.33333 9.33333
426 702 Line 16 10.6667 16 11.3333
426 862 Line 15.3333 10.6667 16 10.6667
427 571 Line 13.3333 2.66667 14 2.66667
427 753 Line 13.3333 3.33333 14 3.33333
427 766 Line 14 2.66667 14 3.33333
428 429 Line 26.6667 6.66667 27.3333 6.66667
428 451 Line 26.6667 6 27.3333 6
430 693 Line 24 16 24 16.6667
430 863 Line 24 16 24.6667 16
430 922 Line 24 16.6667 24.6667 16.6667
431 432 Line 8 5.33333 8 6
431 534 Line 7.33333 6 8 6
431 587 Line 7.33333 5.33333 8 5.33333
432 515 Line 8 6 8.66667 6
432 588 Line 8 5.33333 8.66667 5.33333
433 434 Line 13.3333 1.33333 13.3333 2
433 570 Line 12.6667 2 13.3333 2
433 689 Line 12.6667 1.33333 12.6667 2
434 571 Line 13.3333 2 14 2
434 771 Line 14 1.33333 14 2
435 461 Line 6 11.3333 6 12
435 479 Line 5.33333 12 6 12
436 437 Line 25.3333 8 25.3333 8.66667
437 593 Line 26 8 26 8.66667
438 620 Line 13.3333 8 14 8
438 661 Line 13.3333 7.33333 14 7.33333
439 440 Line 23.3333 9.33333 23.3333 10
439 469 Line 22.6667 9.33333 22.6667 10
440 470 Line 23.3333 10 24 10
440 683 Line 23.3333 9.33333 24 9.33333
441 442 Line 14.6667 9.33333 14.6667 10
441 556 Line 14 10 14.6667 10
441 718 Line 14 9.33333 14.6667 9.33333
441 762 Line 14 9.33333 14 10
442 861 Line 15.3333 9.33333 15.3333 10
444 750 Line 15.3333 14 15.3333 14.6667
444 909 Line 15.3333 14.6667 16 14.6667
445 555 Line 12 2.66667 12.6667 2.66667
445 570 Line 12.6667 2 12.6667 2.66667
445 689 Line 12 2 12.6667 2
446 447 Line 18.6667 13.3333 19.3333 13.3333
446 454 Line 19.3333 12.6667 19.3333 13.3333
448 449 Line 6.66667 2 6.66667 2.66667
448 680 Line 6 2.66667 6.66667 2.66667
448 685 Line 6 2 6 2.66667
448 761 Line 6 2 6.66667 2
449 681 Line 6.66667 2.66667 7.33333 2.66667
450 483 Line 12.6667 14.6667 13.3333 14.6667
450 501 Line 12.6667 14.6667 12.6667 15.3333
452 -1 Line 13.3333 0 14 0
453 454 Line 19.3333 12.6667 20 12.6667
454 669 Line 20 12.6667 20 13.3333
455 456 Line 20.6667 10 21.3333 10
455 468 Line 21.3333 9.33333 21.3333 10
455 778 Line 20.6667 9.33333 20.6667 10
455 974 Line 20.6667 9.33333 21.3333 9.33333
456 459 Line 20.6667 10.6667 21.3333 10.6667
456 473 Line 21.3333 10 21.3333 10.6667
456 779 Line 20.6667 10 20.6667 10.6667
457 546 Line 9.33333 9.33333 9.33333 10
457 664 Line 8.66667 10 9.33333 10
457 744 Line 8.66667 9.33333 9.33333 9.33333
458 459 Line 20.6667 10.6667 20.6667 11.3333
458 779 Line 20 10.6667 20.6667 10.6667
460 525 Line 12 6 12 6.66667
460 708 Line 11.3333 6 11.3333 6.66667
460 713 Line 11.3333 6 12 6
460 756 Line 11.3333 6.66667 12 6.66667
461 490 Line 6 11.3333 6.66667 11.3333
461 518 Line 6 12 6.66667 12
462 824 Line 8 10.6667 8 11.3333
462 960 Line 8.66667 10.6667 8.66667 11.3333
462 975 Line 8 11.3333 8.66667 11.3333
463 464 Line 18 11.3333 18 12
465 466 Line 18 14 18 14.6667
465 578 Line 17.3333 14 18 14
467 737 Line 2.66667 15.3333 3.33333 15.3333
468 469 Line 22 9.33333 22 10
468 473 Line 21.3333 10 22 10
469 474 Line 22 10 22.6667 10
470 471 Line 24 10 24 10.6667
471 878 Line 24 10.6667 24.6667 10.6667
472 506 Line 14.6667 5.33333 14.6667 6
473 474 Line 22 10 22 10.6667
475 -1 Line 0 14 0 14.6667
476 692 Line 26.6667 9.33333 27.3333 9.33333
477 478 Line 23.3333 18 23.3333 18.6667
477 514 Line 22.6667 18 22.6667 18.6667
477 657 Line 22.6667 18 23.3333 18
478 513 Line 23.3333 18 24 18
479 518 Line 6 12 6 12.6667
480 481 Line 16.6667 8.66667 17.3333 8.66667
480 846 Line 16.6667 8 16.6667 8.66667
481 639 Line 16.6667 9.33333 17.3333 9.33333
481 847 Line 16.6667 8.66667 16.6667 9.33333
482 625 Line 9.33333 3.33333 10 3.33333
482 788 Line 9.33333 2.66667 9.33333 3.33333
483 484 Line 13.3333 14 13.3333 14.6667
483 560 Line 12.6667 14 13.3333 14
483 606 Line 12.6667 14 12.6667 14.6667
484 591 Line 13.3333 14 14 14
484 749 Line 14 14 14 14.6667
485 486 Line 4.66667 4.66667 4.66667 5.33333
486 782 Line 5.33333 4.66667 5.33333 5.33333
487 -1 Line 34 13.3333 34 14
487 924 Line 33.3333 13.3333 34 13.3333
488 751 Line 17.3333 6 18 6
488 877 Line 17.3333 5.33333 17.3333 6
489 554 Line 11.3333 2.66667 11.3333 3.33333
489 567 Line 10.6667 3.33333 11.3333 3.33333
490 613 Line 6 10.6667 6.66667 10.6667
490 823 Line 6.66667 10.6667 6.66667 11.3333
491 492 Line 22.6667 14 23.3333 14
491 580 Line 23.3333 13.3333 23.3333 14
492 678 Line 23.3333 14 23.3333 14.6667
492 849 Line 22.6667 14.6667 23.3333 14.6667
493 494 Line 14.6667 3.33333 15.3333 3.33333
493 539 Line 14.6667 2.66667 15.3333 2.66667
493 610 Line 15.3333 2.66667 15.3333 3.33333
493 766 Line 14.6667 2.66667 14.6667 3.33333
494 767 Line 14.6667 3.33333 14.6667 4
495 496 Line 28 6.66667 28.6667 6.66667
495 520 Line 28.6667 6 28.6667 6.66667
495 564 Line 28 6 28.6667 6
496 521 Line 28.6667 6.66667 28.6667 7.33333
496 844 Line 28 7.33333 28.6667 7.33333
497 516 Line 28.6667 8 29.3333 8
497 521 Line 28.6667 7.33333 29.3333 7.33333
497 622 Line 29.3333 7.33333 29.3333 8
497 844 Line 28.6667 7.33333 28.6667 8
498 774 Line 10 12 10 12.6667
499 649 Line 24.6667 11.3333 25.3333 11.3333
499 878 Line 24.6667 10.6667 24.6667 11.3333
499 932 Line 25.3333 10.6667 25.3333 11.3333
500 501 Line 12 14.6667 12 15.3333
500 605 Line 11.3333 14.6667 12 14.6667
501 606 Line 12 14.6667 12.6667 14.6667
503 504 Line 16 10 16.6667 10
503 639 Line 16.6667 9.33333 16.6667 10
503 847 Line 16 9.33333 16.6667 9.33333
503 861 Line 16 9.33333 16 10
504 640 Line 16.6667 10 16.6667 10.6667
504 702 Line 16 10.6667 16.6667 10.6667
504 862 Line 16 10 16 10.6667
506 541 Line 14 6 14.6667 6
506 786 Line 14 5.33333 14.6667 5.33333
507 508 Line 27.3333 4.66667 28 4.66667
509 510 Line 10.6667 4 10.6667 4.66667
509 566 Line 10 4 10.6667 4
509 626 Line 10 4 10 4.66667
509 976 Line 10 4.66667 10.6667 4.66667
510 567 Line 10.6667 4 11.3333 4
510 988 Line 10.6667 4.66667 11.3333 4.66667
511 867 Line 3.33333 16.6667 3.33333 17.3333
512 656 Line 22.6667 16.6667 23.3333 16.6667
512 693 Line 23.3333 16 23.3333 16.6667
512 850 Line 22.6667 16 23.3333 16
513 657 Line 23.3333 17.3333 23.3333 18
513 694 Line 23.3333 17.3333 24 17.3333
514 558 Line 22 18.6667 22.6667 18.6667
515 528 Line 8 6.66667 8.66667 6.66667
515 534 Line 8 6 8 6.66667
516 845 Line 28.6667 8 28.6667 8.66667
516 917 Line 28.6667 8.66667 29.3333 8.66667
517 707 Line 10 6 10 6.66667
518 519 Line 6.66667 12 6.66667 12.6667
518 727 Line 6 12.6667 6.66667 12.6667
519 728 Line 6.66667 12.6667 7.33333 12.6667
520 521 Line 28.6667 6.66667 29.3333 6.66667
522 681 Line 7.33333 2.66667 7.33333 3.33333
522 787 Line 8 2.66667 8 3.33333
522 816 Line 7.33333 3.33333 8 3.33333
524 525 Line 12 6 12.6667 6
524 713 Line 12 5.33333 12 6
526 626 Line 9.33333 4.66667 10 4.66667
526 976 Line 10 4.66667 10 5.33333
527 528 Line 8 6.66667 8 7.33333
527 534 Line 7.33333 6.66667 8 6.66667
527 666 Line 7.33333 7.33333 8 7.33333
528 671 Line 8 7.33333 8.66667 7.33333
529 990 Line 4.66667 16.6667 5.33333 16.6667
530 531 Line 7.33333 10 7.33333 10.6667
530 613 Line 6.66667 10 6.66667 10.6667
530 823 Line 6.66667 10.6667 7.33333 10.6667
531 824 Line 7.33333 10.6667 8 10.6667
532 752 Line 17.3333 7.33333 18 7.33333
532 896 Line 18 7.33333 18 8
533 534 Line 7.33333 6 7.33333 6.66667
533 985 Line 6.66667 6 6.66667 6.66667
535 616 Line 4 9.33333 4.66667 9.33333
535 747 Line 4.66667 8.66667 4.66667 9.33333
535 853 Line 4 8.66667 4.66667 8.66667
536 -1 Line 34 6.66667 34 7.33333
536 642 Line 33.3333 6.66667 33.3333 7.33333
537 629 Line 14 19.3333 14 20
538 539 Line 14.6667 2 14.6667 2.66667
538 571 Line 14 2 14 2.66667
538 766 Line 14 2.66667 14.6667 2.66667
538 771 Line 14 2 14.6667 2
539 772 Line 14.6667 2 15.3333 2
542 543 Line 23.3333 15.3333 24 15.3333
542 678 Line 23.3333 14.6667 24 14.6667
542 849 Line 23.3333 14.6667 23.3333 15.3333
542 865 Line 24 14.6667 24 15.3333
543 693 Line 23.3333 16 24 16
543 850 Line 23.3333 15.3333 23.3333 16
543 863 Line 24 15.3333 24 16
544 545 Line 10.6667 15.3333 10.6667 16
546 721 Line 9.33333 9.33333 10 9.33333
546 740 Line 10 9.33333 10 10
546 997 Line 9.33333 10 10 10
547 548 Line 3.33333 10 4 10
547 616 Line 4 9.33333 4 10
548 612 Line 4 10 4 10.6667
549 550 Line 3.33333 6 4 6
551 552 Line 4.66667 3.33333 4.66667 4
551 730 Line 4 3.33333 4.66667 3.33333
552 731 Line 4.66667 3.33333 5.33333 3.33333
554 555 Line 12 2.66667 12 3.33333
554 965 Line 11.3333 3.33333 12 3.33333
555 966 Line 12 3.33333 12.6667 3.33333
556 557 Line 14 10.6667 14.6667 10.6667
558 872 Line 22 19.3333 22.6667 19.3333
559 560 Line 12.6667 13.3333 13.3333 13.3333
559 562 Line 13.3333 12.6667 13.3333 13.3333
559 609 Line 12.6667 12.6667 13.3333 12.6667
560 591 Line 13.3333 13.3333 13.3333 14
560 811 Line 12.6667 13.3333 12.6667 14
561 569 Line 14.6667 13.3333 15.3333 13.3333
561 592 Line 14.6667 13.3333 14.6667 14
561 750 Line 14.6667 14 15.3333 14
562 568 Line 14 12.6667 14 13.3333
562 591 Line 13.3333 13.3333 14 13.3333
563 587 Line 7.33333 4.66667 7.33333 5.33333
563 783 Line 6.66667 4.66667 6.66667 5.33333
563 831 Line 6.66667 4.66667 7.33333 4.66667
565 -1 Line 26 22.6667 26.6667 22.6667
565 835 Line 26 22 26 22.6667
566 567 Line 10.6667 3.33333 10.6667 4
566 625 Line 10 3.33333 10 4
567 965 Line 11.3333 3.33333 11.3333 4
568 569 Line 14.6667 12.6667 14.6667 13.3333
568 592 Line 14 13.3333 14.6667 13.3333
569 739 Line 14.6667 12.6667 15.3333 12.6667
570 571 Line 13.3333 2 13.3333 2.66667
572 573 Line 20.6667 12.6667 21.3333 12.6667
573 627 Line 20.6667 13.3333 21.3333 13.3333
573 669 Line 20.6667 12.6667 20.6667 13.3333
573 773 Line 21.3333 12.6667 21.3333 13.3333
574 575 Line 4.66667 10.6667 4.66667 11.3333
574 612 Line 4 10.6667 4.66667 10.6667
575 757 Line 4.66667 10.6667 5.33333 10.6667
576 618 Line 26 2.66667 26 3.33333
576 821 Line 26 3.33333 26.6667 3.33333
576 962 Line 26 2.66667 26.6667 2.66667
577 578 Line 17.3333 13.3333 18 13.3333
579 580 Line 23.3333 13.3333 24 13.3333
579 939 Line 24 12.6667 24 13.3333
579 986 Line 23.3333 12.6667 24 12.6667
580 678 Line 23.3333 14 24 14
580 940 Line 24 13.3333 24 14
581 582 Line 12.6667 4 13.3333 4
581 753 Line 13.3333 3.33333 13.3333 4
581 966 Line 12.6667 3.33333 12.6667 4
582 754 Line 13.3333 4 13.3333 4.66667
583 584 Line 30.6667 5.33333 30.6667 6
583 884 Line 30 5.33333 30.6667 5.33333
584 604 Line 30.6667 5.33333 31.3333 5.33333
585 586 Line 6 17.3333 6 18
586 894 Line 6.66667 17.3333 6.66667 18
587 588 Line 8 4.66667 8 5.33333
589 590 Line 7.33333 8.66667 7.33333 9.33333
589 601 Line 6.66667 8.66667 7.33333 8.66667
590 602 Line 7.33333 8.66667 8 8.66667
590 860 Line 8 8.66667 8 9.33333
591 592 Line 14 13.3333 14 14
592 749 Line 14 14 14.6667 14
593 594 Line 26 8.66667 26.6667 8.66667
593 691 Line 26.6667 8 26.6667 8.66667
594 692 Line 26.6667 8.66667 26.6667 9.33333
595 707 Line 10 6 10.6667 6
595 712 Line 10.6667 5.33333 10.6667 6
595 976 Line 10 5.33333 10.6667 5.33333
596 597 Line 2 8 2.66667 8
596 807 Line 2 7.33333 2.66667 7.33333
597 698 Line 2.66667 8 2.66667 8.66667
598 -1 Line 0 2 0 2.66667
598 599 Line 0.666667 2 0.666667 2.66667
599 977 Line 0.666667 2.66667 1.33333 2.66667
600 980 Line 1.33333 4.66667 1.33333 5.33333
601 602 Line 7.33333 8 7.33333 8.66667
601 665 Line 6.66667 8 7.33333 8
602 666 Line 7.33333 8 8 8
602 859 Line 8 8 8 8.66667
603 604 Line 30.6667 4.66667 31.3333 4.66667
603 854 Line 31.3333 4 31.3333 4.66667
603 883 Line 30.6667 4 30.6667 4.66667
604 884 Line 30.6667 4.66667 30.6667 5.33333
605 606 Line 12 14 12 14.6667
606 811 Line 12 14 12.6667 14
607 874 Line 15.3333 6.66667 16 6.66667
608 609 Line 12.6667 12 12.6667 12.6667
610 611 Line 16 2.66667 16 3.33333
611 662 Line 16 3.33333 16.6667 3.33333
612 616 Line 4 10 4.66667 10
612 757 Line 4.66667 10 4.66667 10.6667
613 617 Line 6 10 6.66667 10
613 758 Line 6 10 6 10.6667
615 644 Line 28 9.33333 28.6667 9.33333
615 845 Line 28 8.66667 28.6667 8.66667
615 917 Line 28.6667 8.66667 28.6667 9.33333
616 654 Line 4.66667 9.33333 4.66667 10
617 655 Line 6 9.33333 6 10
618 619 Line 25.3333 2.66667 26 2.66667
618 760 Line 25.3333 2.66667 25.3333 3.33333
618 819 Line 25.3333 3.33333 26 3.33333
619 704 Line 25.3333 2 26 2
619 962 Line 26 2 26 2.66667
620 621 Line 13.3333 8.66667 14 8.66667
620 781 Line 13.3333 8 13.3333 8.66667
620 949 Line 14 8 14 8.66667
621 718 Line 14 8.66667 14 9.33333
621 762 Line 13.3333 9.33333 14 9.33333
622 623 Line 30 7.33333 30 8
624 -1 Line 2.66667 0 3.33333 0
625 626 Line 9.33333 4 10 4
625 645 Line 9.33333 3.33333 9.33333 4
626 646 Line 9.33333 4 9.33333 4.66667
627 628 Line 20.6667 14 21.3333 14
627 670 Line 20.6667 13.3333 20.6667 14
629 630 Line 14.6667 19.3333 14.6667 20
631 -1 Line 28.6667 0 29.3333 0
632 633 Line 30.6667 11.3333 30.6667 12
632 826 Line 30 11.3333 30 12
632 938 Line 30 11.3333 30.6667 11.3333
633 921 Line 30.6667 11.3333 31.3333 11.3333
635 807 Line 2.66667 6.66667 2.66667 7.33333
636 977 Line 1.33333 2.66667 1.33333 3.33333
637 -1 Line 18.6667 22.6667 19.3333 22.6667
637 951 Line 18.6667 22 19.3333 22
638 986 Line 23.3333 12 23.3333 12.6667
639 640 Line 16.6667 10 17.3333 10
639 998 Line 17.3333 9.33333 17.3333 10
640 703 Line 16.6667 10.6667 17.3333 10.6667
641 697 Line 20 16 20 16.6667
641 919 Line 19.3333 16 20 16
642 971 Line 32.6667 7.33333 33.3333 7.33333
643 -1 Line 24.6667 0 25.3333 0
643 705 Line 25.3333 0 25.3333 0.666667
643 943 Line 24.6667 0.666667 25.3333 0.666667
644 904 Line 28 10 28.6667 10
645 646 Line 8.66667 4 9.33333 4
645 788 Line 8.66667 3.33333 9.33333 3.33333
645 817 Line 8.66667 3.33333 8.66667 4
647 648 Line 8 16.6667 8 17.3333
647 658 Line 7.33333 16.6667 7.33333 17.3333
647 895 Line 7.33333 17.3333 8 17.3333
648 893 Line 8 17.3333 8.66667 17.3333
649 650 Line 24.6667 12 25.3333 12
649 879 Line 24.6667 11.3333 24.6667 12
649 933 Line 25.3333 11.3333 25.3333 12
650 759 Line 24.6667 12.6667 25.3333 12.6667
650 889 Line 25.3333 12 25.3333 12.6667
650 987 Line 24.6667 12 24.6667 12.6667
651 671 Line 8.66667 7.33333 8.66667 8
651 743 Line 8.66667 8 9.33333 8
651 926 Line 9.33333 7.33333 9.33333 8
652 653 Line 32 9.33333 32 10
653 769 Line 32.6667 9.33333 32.6667 10
653 888 Line 32 9.33333 32.6667 9.33333
654 655 Line 5.33333 9.33333 5.33333 10
654 747 Line 4.66667 9.33333 5.33333 9.33333
654 757 Line 4.66667 10 5.33333 10
655 748 Line 5.33333 9.33333 6 9.33333
655 758 Line 5.33333 10 6 10
656 657 Line 22.6667 17.3333 23.3333 17.3333
656 694 Line 23.3333 16.6667 23.3333 17.3333
658 792 Line 6.66667 16.6667 7.33333 16.6667
658 894 Line 6.66667 17.3333 7.33333 17.3333
659 660 Line 32.6667 11.3333 33.3333 11.3333
659 770 Line 32.6667 10.6667 33.3333 10.6667
660 908 Line 33.3333 11.3333 33.3333 12
662 663 Line 16 4 16.6667 4
662 722 Line 16.6667 3.33333 16.6667 4
663 676 Line 16.6667 4 16.6667 4.66667
664 960 Line 8.66667 10.6667 9.33333 10.6667
664 997 Line 9.33333 10 9.33333 10.6667
665 666 Line 7.33333 7.33333 7.33333 8
666 671 Line 8 7.33333 8 8
667 668 Line 10 8.66667 10.6667 8.66667
667 672 Line 10.6667 8 10.6667 8.66667
667 720 Line 10 8 10 8.66667
667 927 Line 10 8 10.6667 8
668 721 Line 10 8.66667 10 9.33333
668 725 Line 10.6667 8.66667 10.6667 9.33333
668 740 Line 10 9.33333 10.6667 9.33333
669 670 Line 20 13.3333 20.6667 13.3333
671 859 Line 8 8 8.66667 8
672 673 Line 11.3333 8 11.3333 8.66667
672 725 Line 10.6667 8.66667 11.3333 8.66667
672 928 Line 10.6667 8 11.3333 8
673 726 Line 11.3333 8.66667 12 8.66667
673 755 Line 11.3333 8 12 8
673 780 Line 12 8 12 8.66667
674 675 Line 19.3333 4.66667 19.3333 5.33333
675 838 Line 20 4.66667 20 5.33333
675 969 Line 19.3333 5.33333 20 5.33333
676 677 Line 16.6667 4.66667 17.3333 4.66667
676 722 Line 16.6667 4 17.3333 4
676 808 Line 17.3333 4 17.3333 4.66667
677 877 Line 16.6667 5.33333 17.3333 5.33333
678 679 Line 24 14 24 14.6667
679 764 Line 24.6667 14 24.6667 14.6667
679 865 Line 24 14.6667 24.6667 14.6667
679 940 Line 24 14 24.6667 14
680 681 Line 6.66667 2.66667 6.66667 3.33333
681 830 Line 6.66667 3.33333 7.33333 3.33333
682 683 Line 23.3333 8.66667 24 8.66667
684 685 Line 5.33333 2 5.33333 2.66667
684 687 Line 4.66667 2 4.66667 2.66667
684 731 Line 4.66667 2.66667 5.33333 2.66667
686 687 Line 4 2 4 2.66667
687 730 Line 4 2.66667 4.66667 2.66667
688 689 Line 12 1.33333 12 2
688 742 Line 11.3333 1.33333 11.3333 2
691 692 Line 26.6667 8.66667 27.3333 8.66667
693 694 Line 23.3333 16.6667 24 16.6667
694 922 Line 24 16.6667 24 17.3333
695 696 Line 21.3333 15.3333 22 15.3333
697 945 Line 20 16 20.6667 16
698 699 Line 2.66667 8.66667 3.33333 8.66667
698 735 Line 3.33333 8 3.33333 8.66667
700 701 Line 4 12.6667 4 13.3333
700 806 Line 3.33333 12.6667 4 12.6667
700 953 Line 3.33333 12.6667 3.33333 13.3333
702 703 Line 16.6667 10.6667 16.6667 11.3333
704 706 Line 25.3333 1.33333 26 1.33333
704 961 Line 26 1.33333 26 2
705 -1 Line 25.3333 0 26 0
705 706 Line 25.3333 0.666667 26 0.666667
706 943 Line 25.3333 0.666667 25.3333 1.33333
707 708 Line 10.6667 6 10.6667 6.66667
708 712 Line 10.6667 6 11.3333 6
708 887 Line 10.6667 6.66667 11.3333 6.66667
709 710 Line 16 1.33333 16 2
709 772 Line 15.3333 1.33333 15.3333 2
710 957 Line 16.6667 1.33333 16.6667 2
712 713 Line 11.3333 5.33333 11.3333 6
712 988 Line 10.6667 5.33333 11.3333 5.33333
713 989 Line 11.3333 5.33333 12 5.33333
714 754 Line 13.3333 4.66667 14 4.66667
714 786 Line 14 4.66667 14 5.33333
715 -1 Line 11.3333 0 12 0
715 716 Line 12 0 12 0.666667
716 -1 Line 12 0 12.6667 0
717 959 Line 29.3333 12.6667 30 12.6667
718 949 Line 14 8.66667 14.6667 8.66667
719 -1 Line 0 6.66667 0 7.33333
719 775 Line 0 7.33333 0.666667 7.33333
720 721 Line 9.33333 8.66667 10 8.66667
720 743 Line 9.33333 8 9.33333 8.66667
720 926 Line 9.33333 8 10 8
721 744 Line 9.33333 8.66667 9.33333 9.33333
723 -1 Line 16.6667 0 17.3333 0
723 724 Line 16.6667 0.666667 17.3333 0.666667
724 957 Line 16.6667 1.33333 17.3333 1.33333
725 726 Line 11.3333 8.66667 11.3333 9.33333
727 728 Line 6.66667 12.6667 6.66667 13.3333
727 784 Line 6 13.3333 6.66667 13.3333
728 729 Line 7.33333 12.6667 7.33333 13.3333
730 731 Line 4.66667 2.66667 4.66667 3.33333
732 733 Line 25.3333 6.66667 25.3333 7.33333
734 735 Line 3.33333 8 4 8
734 852 Line 4 7.33333 4 8
735 853 Line 4 8 4 8.66667
736 772 Line 14.6667 1.33333 15.3333 1.33333
738 739 Line 14.6667 12 15.3333 12
740 741 Line 10 10 10.6667 10
741 841 Line 10.6667 10 10.6667 10.6667
741 997 Line 10 10 10 10.6667
743 744 Line 8.66667 8.66667 9.33333 8.66667
743 859 Line 8.66667 8 8.66667 8.66667
744 860 Line 8.66667 8.66667 8.66667 9.33333
745 746 Line 16.6667 6.66667 17.3333 6.66667
745 751 Line 17.3333 6 17.3333 6.66667
745 877 Line 16.6667 6 17.3333 6
746 752 Line 17.3333 6.66667 17.3333 7.33333
747 748 Line 5.33333 8.66667 5.33333 9.33333
749 750 Line 14.6667 14 14.6667 14.6667
750 942 Line 14.6667 14.6667 15.3333 14.6667
751 752 Line 17.3333 6.66667 18 6.66667
751 897 Line 18 6 18 6.66667
752 898 Line 18 6.66667 18 7.33333
753 754 Line 13.3333 4 14 4
753 767 Line 14 3.33333 14 4
754 785 Line 14 4 14 4.66667
755 756 Line 11.3333 7.33333 12 7.33333
755 928 Line 11.3333 7.33333 11.3333 8
756 887 Line 11.3333 6.66667 11.3333 7.33333
757 758 Line 5.33333 10 5.33333 10.6667
759 848 Line 24.6667 13.3333 25.3333 13.3333
759 939 Line 24.6667 12.6667 24.6667 13.3333
760 799 Line 24.6667 3.33333 25.3333 3.33333
762 946 Line 13.3333 9.33333 13.3333 10
763 765 Line 26 14 26 14.6667
764 765 Line 25.3333 14 25.3333 14.6667
764 848 Line 24.6667 14 25.3333 14
764 866 Line 24.6667 14.6667 25.3333 14.6667
766 767 Line 14 3.33333 14.6667 3.33333
767 785 Line 14 4 14.6667 4
769 770 Line 32.6667 10 33.3333 10
771 772 Line 14.6667 1.33333 14.6667 2
775 -1 Line 0 7.33333 0 8
776 777 Line 1.33333 12.6667 1.33333 13.3333
778 779 Line 20 10 20.6667 10
778 973 Line 20 9.33333 20.6667 9.33333
778 982 Line 20 9.33333 20 10
779 983 Line 20 10 20 10.6667
780 781 Line 12.6667 8 12.6667 8.66667
782 783 Line 6 4.66667 6 5.33333
782 801 Line 5.33333 4.66667 6 4.66667
783 802 Line 6 4.66667 6.66667 4.66667
785 786 Line 14 4.66667 14.6667 4.66667
787 788 Line 8.66667 2.66667 8.66667 3.33333
787 817 Line 8 3.33333 8.66667 3.33333
789 934 Line 22 6.66667 22.6667 6.66667
789 958 Line 22 6 22.6667 6
790 -1 Line 34 4 34 4.66667
790 791 Line 33.3333 4.66667 34 4.66667
790 839 Line 33.3333 4 33.3333 4.66667
791 -1 Line 34 4.66667 34 5.33333
791 840 Line 33.3333 4.66667 33.3333 5.33333
793 794 Line 18.6667 10.6667 19.3333 10.6667
793 983 Line 19.3333 10 19.3333 10.6667
795 796 Line 20.6667 22 21.3333 22
795 996 Line 21.3333 21.3333 21.3333 22
796 -1 Line 20.6667 22.6667 21.3333 22.6667
798 800 Line 24.6667 4.66667 25.3333 4.66667
798 803 Line 25.3333 4.66667 25.3333 5.33333
798 857 Line 24.6667 4.66667 24.6667 5.33333
799 800 Line 24.6667 4 25.3333 4
799 819 Line 25.3333 3.33333 25.3333 4
800 820 Line 25.3333 4 25.3333 4.66667
800 858 Line 24.6667 4 24.6667 4.66667
801 802 Line 6 4 6 4.66667
802 831 Line 6.66667 4 6.66667 4.66667
803 804 Line 26 4.66667 26 5.33333
803 820 Line 25.3333 4.66667 26 4.66667
804 822 Line 26 4.66667 26.6667 4.66667
805 806 Line 3.33333 12 4 12
806 952 Line 3.33333 12 3.33333 12.6667
807 903 Line 2 6.66667 2.66667 6.66667
808 809 Line 18 4 18 4.66667
814 815 Line 27.3333 0.666667 27.3333 1.33333
816 817 Line 8 3.33333 8 4
816 830 Line 7.33333 3.33333 7.33333 4
819 820 Line 25.3333 4 26 4
819 821 Line 26 3.33333 26 4
820 822 Line 26 4 26 4.66667
821 822 Line 26 4 26.6667 4
823 824 Line 7.33333 10.6667 7.33333 11.3333
825 826 Line 29.3333 11.3333 29.3333 12
826 959 Line 29.3333 12 30 12
827 -1 Line 32 22.6667 32.6667 22.6667
827 828 Line 32.6667 22 32.6667 22.6667
827 829 Line 32 22 32 22.6667
828 -1 Line 32.6667 22.6667 33.3333 22.6667
828 836 Line 33.3333 22 33.3333 22.6667
829 -1 Line 31.3333 22.6667 32 22.6667
830 831 Line 6.66667 4 7.33333 4
832 833 Line 25.3333 21.3333 25.3333 22
832 834 Line 24.6667 22 25.3333 22
832 995 Line 24.6667 21.3333 24.6667 22
833 835 Line 25.3333 22 26 22
834 -1 Line 24.6667 22.6667 25.3333 22.6667
834 835 Line 25.3333 22 25.3333 22.6667
835 -1 Line 25.3333 22.6667 26 22.6667
836 -1 Line 33.3333 22.6667 34 22.6667
836 882 Line 33.3333 22 34 22
837 838 Line 20 4.66667 20.6667 4.66667
838 970 Line 20 5.33333 20.6667 5.33333
839 840 Line 32.6667 4.66667 33.3333 4.66667
839 855 Line 32.6667 4 32.6667 4.66667
841 842 Line 11.3333 10 11.3333 10.6667
842 936 Line 12 10 12 10.6667
843 885 Line 29.3333 4 30 4
844 845 Line 28 8 28.6667 8
846 847 Line 16 8.66667 16.6667 8.66667
846 905 Line 16 8 16 8.66667
847 906 Line 16 8.66667 16 9.33333
848 940 Line 24.6667 13.3333 24.6667 14
849 850 Line 22.6667 15.3333 23.3333 15.3333
851 852 Line 4 7.33333 4.66667 7.33333
852 853 Line 4 8 4.66667 8
854 855 Line 32 4 32 4.66667
856 857 Line 24 4.66667 24 5.33333
856 984 Line 23.3333 4.66667 23.3333 5.33333
857 858 Line 24 4.66667 24.6667 4.66667
859 860 Line 8 8.66667 8.66667 8.66667
861 862 Line 15.3333 10 16 10
861 906 Line 15.3333 9.33333 16 9.33333
863 864 Line 24.6667 15.3333 24.6667 16
863 865 Line 24 15.3333 24.6667 15.3333
864 866 Line 24.6667 15.3333 25.3333 15.3333
865 866 Line 24.6667 14.6667 24.6667 15.3333
867 868 Line 4 16.6667 4 17.3333
868 990 Line 4.66667 16.6667 4.66667 17.3333
870 892 Line 32.6667 15.3333 32.6667 16
871 880 Line 21.3333 5.33333 21.3333 6
871 970 Line 20.6667 5.33333 20.6667 6
872 873 Line 22 20 22.6667 20
874 875 Line 15.3333 7.33333 16 7.33333
875 905 Line 15.3333 8 16 8
876 877 Line 16.6667 5.33333 16.6667 6
878 879 Line 24 11.3333 24.6667 11.3333
879 987 Line 24 12 24.6667 12
880 958 Line 22 5.33333 22 6
881 -1 Line 34 20.6667 34 21.3333
881 882 Line 33.3333 21.3333 34 21.3333
882 -1 Line 34 21.3333 34 22
883 884 Line 30 4.66667 30.6667 4.66667
883 885 Line 30 4 30 4.66667
884 886 Line 30 4.66667 30 5.33333
885 886 Line 29.3333 4.66667 30 4.66667
887 928 Line 10.6667 7.33333 11.3333 7.33333
889 890 Line 26 12 26 12.6667
889 933 Line 25.3333 12 26 12
890 931 Line 26 12 26.6667 12
891 892 Line 32.6667 15.3333 33.3333 15.3333
891 911 Line 33.3333 14.6667 33.3333 15.3333
892 912 Line 33.3333 15.3333 33.3333 16
893 895 Line 8 17.3333 8 18
894 895 Line 7.33333 17.3333 7.33333 18
896 898 Line 18 7.33333 18.6667 7.33333
897 898 Line 18 6.66667 18.6667 6.66667
899 900 Line 8.66667 14 9.33333 14
901 918 Line 19.3333 14.6667 19.3333 15.3333
902 903 Line 2 6 2.66667 6
904 963 Line 28 10 28 10.6667
905 906 Line 15.3333 8.66667 16 8.66667
907 -1 Line 0 20 0 20.6667
908 -1 Line 34 11.3333 34 12
908 923 Line 33.3333 12 34 12
909 910 Line 15.3333 15.3333 16 15.3333
909 942 Line 15.3333 14.6667 15.3333 15.3333
911 -1 Line 34 14.6667 34 15.3333
911 912 Line 33.3333 15.3333 34 15.3333
912 -1 Line 34 15.3333 34 16
913 914 Line 16.6667 12 16.6667 12.6667
915 916 Line 28.6667 2.66667 29.3333 2.66667
918 919 Line 19.3333 15.3333 20 15.3333
918 944 Line 20 14.6667 20 15.3333
919 945 Line 20 15.3333 20 16
920 921 Line 30.6667 10.6667 31.3333 10.6667
920 937 Line 30.6667 10 30.6667 10.6667
921 938 Line 30.6667 10.6667 30.6667 11.3333
923 -1 Line 34 12 34 12.6667
923 924 Line 33.3333 12.6667 34 12.6667
924 -1 Line 34 12.6667 34 13.3333
926 927 Line 10 7.33333 10 8
927 928 Line 10.6667 7.33333 10.6667 8
930 931 Line 26 11.3333 26.6667 11.3333
930 932 Line 26 10.6667 26 11.3333
931 933 Line 26 11.3333 26 12
932 933 Line 25.3333 11.3333 26 11.3333
935 936 Line 12 10 12.6667 10
935 946 Line 12.6667 9.33333 12.6667 10
936 947 Line 12.6667 10 12.6667 10.6667
937 938 Line 30 10.6667 30.6667 10.6667
939 940 Line 24 13.3333 24.6667 13.3333
939 987 Line 24 12.6667 24.6667 12.6667
944 945 Line 20 15.3333 20.6667 15.3333
946 947 Line 12.6667 10 13.3333 10
950 951 Line 18.6667 21.3333 19.3333 21.3333
952 953 Line 2.66667 12.6667 3.33333 12.6667
955 956 Line 10 14 10.6667 14
961 962 Line 26 2 26.6667 2
963 964 Line 27.3333 10.6667 28 10.6667
965 966 Line 12 3.33333 12 4
967 968 Line 27.3333 12.6667 27.3333 13.3333
969 970 Line 20 5.33333 20 6
971 972 Line 32.6667 8 33.3333 8
973 974 Line 20.6667 8.66667 20.6667 9.33333
976 988 Line 10.6667 4.66667 10.6667 5.33333
977 978 Line 0.666667 3.33333 1.33333 3.33333
978 979 Line 0.666667 4 1.33333 4
979 980 Line 0.666667 4.66667 1.33333 4.66667
982 983 Line 19.3333 10 20 10
986 987 Line 24 12 24 12.6667
988 989 Line 11.3333 4.66667 11.3333 5.33333
991 992 Line 0.666667 10 1.33333 10
993 -1 Line 4 0 4.66667 0
993 994 Line 4 0.666667 4.66667 0.666667
999 1000 Line 11.3333 11.3333 11.3333 12
